1         1021      数据库    0         李小云         0         人民邮电       0         21        8         0         
2         1014      数据结构  0         刘晓阳         0         中国科学       0         13        6         0         
3         1106      操作系统  0         许海平         0         人民邮电       1         24        7         1         
4         1108      数据结构  2         孙华英         0         清华大学       0         13        5         4         
5         1203      程序设计  0         李小云         1         中国科学       2         35        6         0         
6         2105      数据库    1         许海平         3         清华大学       4         21        6         0         
7         1012      数据结构  4         李小云         5         人民邮电       3         13        5         2         
8         109       程序设计  5         刘晓阳         2         清华大学       6         35        7         1         
9         1100      c++primer 0         Josee          0         电子工业       0         35        4         0         
10        1011      原理组成  0         白中英         0         清华大学       8         20        7         0         
11        1324      网络基础  0         谢希仁         0         电子工业       9         45        3         0         
12        1423      汇编语言  0         沈美明         0         清华大学       10        35        5         0         
13        1523      数据库导论  0         C.J.Date       0         机械工业       0         21        4         0         
