12111009 张锋 男 100.00 90.00 68.00 258.00 86.00
12111110 郑丽群 男 84.00 56.00 86.00 226.00 75.33
12111001 李雪梅 女 77.00 70.00 78.00 225.00 75.00
12111003 黎建雄 男 87.00 65.00 69.00 221.00 73.67
12111012 陈雪娇 女 65.00 76.00 75.00 216.00 72.00
12111002 叶黄柳 男 67.00 89.00 56.00 212.00 70.67
12111013 刘洁珠 女 48.00 68.00 89.00 205.00 68.33
12111014 李姗姗 女 84.00 45.00 64.00 193.00 64.33
12111004 吴海金 男 84.00 45.00 64.00 193.00 64.33
12111001 谢丹婷 女 45.00 64.00 64.00 173.00 57.67
12111105 肖林伟 男 84.00 35.00 54.00 173.00 57.67
12111007 梁佳发 男 34.00 54.00 64.00 152.00 50.67
12111005 曾标雄 男 85.00 45.00 6.00 136.00 45.33
