12111009 张无忌 男 100.00 90.00 68.00 258.00 86.00
1211110 一灯大师 男 84.00 56.00 86.00 226.00 75.33
1211101 周芷若 女 77.00 70.00 78.00 225.00 75.00
1211103 慕窜复 男 87.00 65.00 69.00 221.00 73.67
121112 瑛姑 女46 65.00 76.00 75.00 216.00 72.00
1211102 郭靖 男 67.00 89.00 56.00 212.00 70.67
121113 玉婉清 女 48.00 68.00 89.00 205.00 68.33
1211104 王八蛋 女 84.00 45.00 64.00 193.00 64.33
1211104 三长两短 男 84.00 45.00 64.00 193.00 64.33
121111 李莫愁 女 45.00 64.00 64.00 173.00 57.67
1211105 东风破 男 84.00 35.00 54.00 173.00 57.67
1211107 李煜 男 34.00 54.00 64.00 152.00 50.67
1211105 八婆 女 85.00 45.00 6.00 136.00 45.33
