第1个解
1  0  0  0  0  0  0  0  0  
0  0  1  0  0  0  0  0  0  
0  0  0  0  0  1  0  0  0  
0  0  0  0  0  0  0  1  0  
0  1  0  0  0  0  0  0  0  
0  0  0  1  0  0  0  0  0  
0  0  0  0  0  0  0  0  1  
0  0  0  0  0  0  1  0  0  
0  0  0  0  1  0  0  0  0  
第2个解
1  0  0  0  0  0  0  0  0  
0  0  1  0  0  0  0  0  0  
0  0  0  0  0  0  1  0  0  
0  1  0  0  0  0  0  0  0  
0  0  0  0  0  0  0  1  0  
0  0  0  0  1  0  0  0  0  
0  0  0  0  0  0  0  0  1  
0  0  0  1  0  0  0  0  0  
0  0  0  0  0  1  0  0  0  
第3个解
1  0  0  0  0  0  0  0  0  
0  0  1  0  0  0  0  0  0  
0  0  0  0  0  0  0  1  0  
0  0  0  0  0  1  0  0  0  
0  0  0  0  0  0  0  0  1  
0  1  0  0  0  0  0  0  0  
0  0  0  0  1  0  0  0  0  
0  0  0  0  0  0  1  0  0  
0  0  0  1  0  0  0  0  0  
第4个解
1  0  0  0  0  0  0  0  0  
0  0  0  1  0  0  0  0  0  
0  1  0  0  0  0  0  0  0  
0  0  0  0  0  0  0  1  0  
0  0  0  0  0  1  0  0  0  
0  0  0  0  0  0  0  0  1  
0  0  1  0  0  0  0  0  0  
0  0  0  0  1  0  0  0  0  
0  0  0  0  0  0  1  0  0  
第5个解
1  0  0  0  0  0  0  0  0  
0  0  0  1  0  0  0  0  0  
0  0  0  0  0  1  0  0  0  
0  0  1  0  0  0  0  0  0  
0  0  0  0  0  0  0  0  1  
0  1  0  0  0  0  0  0  0  
0  0  0  0  0  0  0  1  0  
0  0  0  0  1  0  0  0  0  
0  0  0  0  0  0  1  0  0  
第6个解
1  0  0  0  0  0  0  0  0  
0  0  0  1  0  0  0  0  0  
0  0  0  0  0  1  0  0  0  
0  0  0  0  0  0  0  1  0  
0  1  0  0  0  0  0  0  0  
0  0  0  0  1  0  0  0  0  
0  0  1  0  0  0  0  0  0  
0  0  0  0  0  0  0  0  1  
0  0  0  0  0  0  1  0  0  
第7个解
1  0  0  0  0  0  0  0  0  
0  0  0  1  0  0  0  0  0  
0  0  0  0  0  0  1  0  0  
0  0  1  0  0  0  0  0  0  
0  0  0  0  0  0  0  1  0  
0  1  0  0  0  0  0  0  0  
0  0  0  0  1  0  0  0  0  
0  0  0  0  0  0  0  0  1  
0  0  0  0  0  1  0  0  0  
第8个解
1  0  0  0  0  0  0  0  0  
0  0  0  1  0  0  0  0  0  
0  0  0  0  0  0  1  0  0  
0  0  0  0  0  0  0  0  1  
0  1  0  0  0  0  0  0  0  
0  0  0  0  1  0  0  0  0  
0  0  0  0  0  0  0  1  0  
0  0  0  0  0  1  0  0  0  
0  0  1  0  0  0  0  0  0  
第9个解
1  0  0  0  0  0  0  0  0  
0  0  0  1  0  0  0  0  0  
0  0  0  0  0  0  0  1  0  
0  0  1  0  0  0  0  0  0  
0  0  0  0  0  0  0  0  1  
0  0  0  0  0  0  1  0  0  
0  0  0  0  1  0  0  0  0  
0  1  0  0  0  0  0  0  0  
0  0  0  0  0  1  0  0  0  
第10个解
1  0  0  0  0  0  0  0  0  
0  0  0  0  1  0  0  0  0  
0  1  0  0  0  0  0  0  0  
0  0  0  0  0  1  0  0  0  
0  0  0  0  0  0  0  0  1  
0  0  1  0  0  0  0  0  0  
0  0  0  0  0  0  0  1  0  
0  0  0  1  0  0  0  0  0  
0  0  0  0  0  0  1  0  0  
第11个解
1  0  0  0  0  0  0  0  0  
0  0  0  0  1  0  0  0  0  
0  0  0  0  0  0  1  0  0  
0  1  0  0  0  0  0  0  0  
0  0  0  0  0  1  0  0  0  
0  0  1  0  0  0  0  0  0  
0  0  0  0  0  0  0  0  1  
0  0  0  1  0  0  0  0  0  
0  0  0  0  0  0  0  1  0  
第12个解
1  0  0  0  0  0  0  0  0  
0  0  0  0  1  0  0  0  0  
0  0  0  0  0  0  1  0  0  
0  0  0  0  0  0  0  0  1  
0  0  1  0  0  0  0  0  0  
0  0  0  0  0  0  0  1  0  
0  1  0  0  0  0  0  0  0  
0  0  0  1  0  0  0  0  0  
0  0  0  0  0  1  0  0  0  
第13个解
1  0  0  0  0  0  0  0  0  
0  0  0  0  1  0  0  0  0  
0  0  0  0  0  0  1  0  0  
0  0  0  0  0  0  0  0  1  
0  0  0  1  0  0  0  0  0  
0  1  0  0  0  0  0  0  0  
0  0  0  0  0  0  0  1  0  
0  0  0  0  0  1  0  0  0  
0  0  1  0  0  0  0  0  0  
第14个解
1  0  0  0  0  0  0  0  0  
0  0  0  0  1  0  0  0  0  
0  0  0  0  0  0  0  0  1  
0  1  0  0  0  0  0  0  0  
0  0  0  0  0  1  0  0  0  
0  0  0  0  0  0  0  1  0  
0  0  1  0  0  0  0  0  0  
0  0  0  0  0  0  1  0  0  
0  0  0  1  0  0  0  0  0  
第15个解
1  0  0  0  0  0  0  0  0  
0  0  0  0  1  0  0  0  0  
0  0  0  0  0  0  0  0  1  
0  0  0  0  0  1  0  0  0  
0  0  0  1  0  0  0  0  0  
0  1  0  0  0  0  0  0  0  
0  0  0  0  0  0  0  1  0  
0  0  1  0  0  0  0  0  0  
0  0  0  0  0  0  1  0  0  
第16个解
1  0  0  0  0  0  0  0  0  
0  0  0  0  0  1  0  0  0  
0  1  0  0  0  0  0  0  0  
0  0  0  0  0  0  0  0  1  
0  0  0  0  0  0  1  0  0  
0  0  0  1  0  0  0  0  0  
0  0  0  0  0  0  0  1  0  
0  0  1  0  0  0  0  0  0  
0  0  0  0  1  0  0  0  0  
第17个解
1  0  0  0  0  0  0  0  0  
0  0  0  0  0  1  0  0  0  
0  0  0  1  0  0  0  0  0  
0  1  0  0  0  0  0  0  0  
0  0  0  0  0  0  1  0  0  
0  0  0  0  0  0  0  0  1  
0  0  1  0  0  0  0  0  0  
0  0  0  0  1  0  0  0  0  
0  0  0  0  0  0  0  1  0  
第18个解
1  0  0  0  0  0  0  0  0  
0  0  0  0  0  1  0  0  0  
0  0  0  1  0  0  0  0  0  
0  1  0  0  0  0  0  0  0  
0  0  0  0  0  0  0  1  0  
0  0  1  0  0  0  0  0  0  
0  0  0  0  0  0  0  0  1  
0  0  0  0  0  0  1  0  0  
0  0  0  0  1  0  0  0  0  
第19个解
1  0  0  0  0  0  0  0  0  
0  0  0  0  0  1  0  0  0  
0  0  0  0  0  0  0  1  0  
0  0  1  0  0  0  0  0  0  
0  0  0  0  0  0  1  0  0  
0  0  0  1  0  0  0  0  0  
0  1  0  0  0  0  0  0  0  
0  0  0  0  0  0  0  0  1  
0  0  0  0  1  0  0  0  0  
第20个解
1  0  0  0  0  0  0  0  0  
0  0  0  0  0  1  0  0  0  
0  0  0  0  0  0  0  1  0  
0  0  0  0  1  0  0  0  0  
0  1  0  0  0  0  0  0  0  
0  0  0  1  0  0  0  0  0  
0  0  0  0  0  0  0  0  1  
0  0  0  0  0  0  1  0  0  
0  0  1  0  0  0  0  0  0  
第21个解
1  0  0  0  0  0  0  0  0  
0  0  0  0  0  1  0  0  0  
0  0  0  0  0  0  0  0  1  
0  0  0  0  1  0  0  0  0  
0  1  0  0  0  0  0  0  0  
0  0  0  0  0  0  0  1  0  
0  0  1  0  0  0  0  0  0  
0  0  0  0  0  0  1  0  0  
0  0  0  1  0  0  0  0  0  
第22个解
1  0  0  0  0  0  0  0  0  
0  0  0  0  0  0  1  0  0  
0  0  0  1  0  0  0  0  0  
0  0  0  0  0  1  0  0  0  
0  0  0  0  0  0  0  0  1  
0  1  0  0  0  0  0  0  0  
0  0  0  0  1  0  0  0  0  
0  0  1  0  0  0  0  0  0  
0  0  0  0  0  0  0  1  0  
第23个解
1  0  0  0  0  0  0  0  0  
0  0  0  0  0  0  1  0  0  
0  0  0  1  0  0  0  0  0  
0  0  0  0  0  0  0  1  0  
0  0  1  0  0  0  0  0  0  
0  0  0  0  1  0  0  0  0  
0  0  0  0  0  0  0  0  1  
0  1  0  0  0  0  0  0  0  
0  0  0  0  0  1  0  0  0  
第24个解
1  0  0  0  0  0  0  0  0  
0  0  0  0  0  0  1  0  0  
0  0  0  1  0  0  0  0  0  
0  0  0  0  0  0  0  1  0  
0  0  1  0  0  0  0  0  0  
0  0  0  0  0  0  0  0  1  
0  0  0  0  0  1  0  0  0  
0  1  0  0  0  0  0  0  0  
0  0  0  0  1  0  0  0  0  
第25个解
1  0  0  0  0  0  0  0  0  
0  0  0  0  0  0  1  0  0  
0  0  0  0  1  0  0  0  0  
0  0  0  0  0  0  0  1  0  
0  1  0  0  0  0  0  0  0  
0  0  0  0  0  0  0  0  1  
0  0  1  0  0  0  0  0  0  
0  0  0  0  0  1  0  0  0  
0  0  0  1  0  0  0  0  0  
第26个解
1  0  0  0  0  0  0  0  0  
0  0  0  0  0  0  0  1  0  
0  0  0  1  0  0  0  0  0  
0  1  0  0  0  0  0  0  0  
0  0  0  0  0  0  1  0  0  
0  0  0  0  0  0  0  0  1  
0  0  0  0  0  1  0  0  0  
0  0  1  0  0  0  0  0  0  
0  0  0  0  1  0  0  0  0  
第27个解
1  0  0  0  0  0  0  0  0  
0  0  0  0  0  0  0  1  0  
0  0  0  0  1  0  0  0  0  
0  0  1  0  0  0  0  0  0  
0  0  0  0  0  1  0  0  0  
0  0  0  0  0  0  0  0  1  
0  1  0  0  0  0  0  0  0  
0  0  0  1  0  0  0  0  0  
0  0  0  0  0  0  1  0  0  
第28个解
1  0  0  0  0  0  0  0  0  
0  0  0  0  0  0  0  1  0  
0  0  0  0  1  0  0  0  0  
0  0  1  0  0  0  0  0  0  
0  0  0  0  0  0  0  0  1  
0  0  0  0  0  0  1  0  0  
0  1  0  0  0  0  0  0  0  
0  0  0  1  0  0  0  0  0  
0  0  0  0  0  1  0  0  0  
第29个解
0  1  0  0  0  0  0  0  0  
0  0  0  1  0  0  0  0  0  
1  0  0  0  0  0  0  0  0  
0  0  0  0  0  0  1  0  0  
0  0  0  0  0  0  0  0  1  
0  0  0  0  0  1  0  0  0  
0  0  1  0  0  0  0  0  0  
0  0  0  0  1  0  0  0  0  
0  0  0  0  0  0  0  1  0  
第30个解
0  1  0  0  0  0  0  0  0  
0  0  0  1  0  0  0  0  0  
0  0  0  0  0  0  1  0  0  
1  0  0  0  0  0  0  0  0  
0  0  1  0  0  0  0  0  0  
0  0  0  0  0  0  0  0  1  
0  0  0  0  0  1  0  0  0  
0  0  0  0  0  0  0  1  0  
0  0  0  0  1  0  0  0  0  
第31个解
0  1  0  0  0  0  0  0  0  
0  0  0  1  0  0  0  0  0  
0  0  0  0  0  0  0  1  0  
0  0  1  0  0  0  0  0  0  
0  0  0  0  0  0  0  0  1  
0  0  0  0  0  1  0  0  0  
1  0  0  0  0  0  0  0  0  
0  0  0  0  1  0  0  0  0  
0  0  0  0  0  0  1  0  0  
第32个解
0  1  0  0  0  0  0  0  0  
0  0  0  1  0  0  0  0  0  
0  0  0  0  0  0  0  0  1  
0  0  0  0  0  0  1  0  0  
0  0  1  0  0  0  0  0  0  
1  0  0  0  0  0  0  0  0  
0  0  0  0  0  1  0  0  0  
0  0  0  0  0  0  0  1  0  
0  0  0  0  1  0  0  0  0  
第33个解
0  1  0  0  0  0  0  0  0  
0  0  0  1  0  0  0  0  0  
0  0  0  0  0  0  0  0  1  
0  0  0  0  0  0  1  0  0  
0  0  0  0  1  0  0  0  0  
0  0  1  0  0  0  0  0  0  
1  0  0  0  0  0  0  0  0  
0  0  0  0  0  1  0  0  0  
0  0  0  0  0  0  0  1  0  
第34个解
0  1  0  0  0  0  0  0  0  
0  0  0  0  1  0  0  0  0  
0  0  0  0  0  0  1  0  0  
1  0  0  0  0  0  0  0  0  
0  0  1  0  0  0  0  0  0  
0  0  0  0  0  0  0  1  0  
0  0  0  0  0  1  0  0  0  
0  0  0  1  0  0  0  0  0  
0  0  0  0  0  0  0  0  1  
第35个解
0  1  0  0  0  0  0  0  0  
0  0  0  0  1  0  0  0  0  
0  0  0  0  0  0  1  0  0  
0  0  0  1  0  0  0  0  0  
1  0  0  0  0  0  0  0  0  
0  0  1  0  0  0  0  0  0  
0  0  0  0  0  0  0  0  1  
0  0  0  0  0  1  0  0  0  
0  0  0  0  0  0  0  1  0  
第36个解
0  1  0  0  0  0  0  0  0  
0  0  0  0  1  0  0  0  0  
0  0  0  0  0  0  1  0  0  
0  0  0  0  0  0  0  0  1  
0  0  1  0  0  0  0  0  0  
0  0  0  0  0  1  0  0  0  
0  0  0  1  0  0  0  0  0  
1  0  0  0  0  0  0  0  0  
0  0  0  0  0  0  0  1  0  
第37个解
0  1  0  0  0  0  0  0  0  
0  0  0  0  1  0  0  0  0  
0  0  0  0  0  0  1  0  0  
0  0  0  0  0  0  0  0  1  
0  0  0  1  0  0  0  0  0  
0  0  0  0  0  0  0  1  0  
1  0  0  0  0  0  0  0  0  
0  0  1  0  0  0  0  0  0  
0  0  0  0  0  1  0  0  0  
第38个解
0  1  0  0  0  0  0  0  0  
0  0  0  0  1  0  0  0  0  
0  0  0  0  0  0  0  1  0  
1  0  0  0  0  0  0  0  0  
0  0  1  0  0  0  0  0  0  
0  0  0  0  0  1  0  0  0  
0  0  0  0  0  0  0  0  1  
0  0  0  0  0  0  1  0  0  
0  0  0  1  0  0  0  0  0  
第39个解
0  1  0  0  0  0  0  0  0  
0  0  0  0  1  0  0  0  0  
0  0  0  0  0  0  0  1  0  
1  0  0  0  0  0  0  0  0  
0  0  0  0  0  0  0  0  1  
0  0  0  0  0  1  0  0  0  
0  0  1  0  0  0  0  0  0  
0  0  0  0  0  0  1  0  0  
0  0  0  1  0  0  0  0  0  
第40个解
0  1  0  0  0  0  0  0  0  
0  0  0  0  1  0  0  0  0  
0  0  0  0  0  0  0  1  0  
0  0  0  0  0  1  0  0  0  
0  0  0  0  0  0  0  0  1  
0  0  1  0  0  0  0  0  0  
1  0  0  0  0  0  0  0  0  
0  0  0  1  0  0  0  0  0  
0  0  0  0  0  0  1  0  0  
第41个解
0  1  0  0  0  0  0  0  0  
0  0  0  0  1  0  0  0  0  
0  0  0  0  0  0  0  1  0  
0  0  0  0  0  1  0  0  0  
0  0  0  0  0  0  0  0  1  
0  0  1  0  0  0  0  0  0  
1  0  0  0  0  0  0  0  0  
0  0  0  0  0  0  1  0  0  
0  0  0  1  0  0  0  0  0  
第42个解
0  1  0  0  0  0  0  0  0  
0  0  0  0  1  0  0  0  0  
0  0  0  0  0  0  0  0  1  
0  0  0  1  0  0  0  0  0  
1  0  0  0  0  0  0  0  0  
0  0  0  0  0  0  0  1  0  
0  0  0  0  0  1  0  0  0  
0  0  1  0  0  0  0  0  0  
0  0  0  0  0  0  1  0  0  
第43个解
0  1  0  0  0  0  0  0  0  
0  0  0  0  0  1  0  0  0  
1  0  0  0  0  0  0  0  0  
0  0  1  0  0  0  0  0  0  
0  0  0  0  0  0  1  0  0  
0  0  0  0  0  0  0  0  1  
0  0  0  1  0  0  0  0  0  
0  0  0  0  0  0  0  1  0  
0  0  0  0  1  0  0  0  0  
第44个解
0  1  0  0  0  0  0  0  0  
0  0  0  0  0  1  0  0  0  
1  0  0  0  0  0  0  0  0  
0  0  0  0  0  0  1  0  0  
0  0  0  1  0  0  0  0  0  
0  0  0  0  0  0  0  1  0  
0  0  1  0  0  0  0  0  0  
0  0  0  0  1  0  0  0  0  
0  0  0  0  0  0  0  0  1  
第45个解
0  1  0  0  0  0  0  0  0  
0  0  0  0  0  1  0  0  0  
1  0  0  0  0  0  0  0  0  
0  0  0  0  0  0  1  0  0  
0  0  0  0  1  0  0  0  0  
0  0  1  0  0  0  0  0  0  
0  0  0  0  0  0  0  0  1  
0  0  0  1  0  0  0  0  0  
0  0  0  0  0  0  0  1  0  
第46个解
0  1  0  0  0  0  0  0  0  
0  0  0  0  0  1  0  0  0  
1  0  0  0  0  0  0  0  0  
0  0  0  0  0  0  0  0  1  
0  0  0  0  1  0  0  0  0  
0  0  0  0  0  0  0  1  0  
0  0  0  1  0  0  0  0  0  
0  0  0  0  0  0  1  0  0  
0  0  1  0  0  0  0  0  0  
第47个解
0  1  0  0  0  0  0  0  0  
0  0  0  0  0  1  0  0  0  
0  0  1  0  0  0  0  0  0  
1  0  0  0  0  0  0  0  0  
0  0  0  0  0  0  0  1  0  
0  0  0  1  0  0  0  0  0  
0  0  0  0  0  0  0  0  1  
0  0  0  0  0  0  1  0  0  
0  0  0  0  1  0  0  0  0  
第48个解
0  1  0  0  0  0  0  0  0  
0  0  0  0  0  1  0  0  0  
0  0  0  0  0  0  0  0  1  
0  0  1  0  0  0  0  0  0  
0  0  0  0  1  0  0  0  0  
0  0  0  0  0  0  0  1  0  
0  0  0  1  0  0  0  0  0  
1  0  0  0  0  0  0  0  0  
0  0  0  0  0  0  1  0  0  
第49个解
0  1  0  0  0  0  0  0  0  
0  0  0  0  0  0  1  0  0  
0  0  0  0  1  0  0  0  0  
1  0  0  0  0  0  0  0  0  
0  0  0  0  0  0  0  0  1  
0  0  0  1  0  0  0  0  0  
0  0  0  0  0  1  0  0  0  
0  0  0  0  0  0  0  1  0  
0  0  1  0  0  0  0  0  0  
第50个解
0  1  0  0  0  0  0  0  0  
0  0  0  0  0  0  1  0  0  
0  0  0  0  1  0  0  0  0  
0  0  0  0  0  0  0  1  0  
1  0  0  0  0  0  0  0  0  
0  0  0  1  0  0  0  0  0  
0  0  0  0  0  1  0  0  0  
0  0  1  0  0  0  0  0  0  
0  0  0  0  0  0  0  0  1  
第51个解
0  1  0  0  0  0  0  0  0  
0  0  0  0  0  0  1  0  0  
0  0  0  0  0  0  0  0  1  
0  0  0  0  0  1  0  0  0  
0  0  1  0  0  0  0  0  0  
1  0  0  0  0  0  0  0  0  
0  0  0  1  0  0  0  0  0  
0  0  0  0  0  0  0  1  0  
0  0  0  0  1  0  0  0  0  
第52个解
0  1  0  0  0  0  0  0  0  
0  0  0  0  0  0  0  1  0  
1  0  0  0  0  0  0  0  0  
0  0  0  1  0  0  0  0  0  
0  0  0  0  0  0  1  0  0  
0  0  0  0  0  0  0  0  1  
0  0  0  0  0  1  0  0  0  
0  0  1  0  0  0  0  0  0  
0  0  0  0  1  0  0  0  0  
第53个解
0  1  0  0  0  0  0  0  0  
0  0  0  0  0  0  0  1  0  
0  0  0  0  1  0  0  0  0  
0  0  1  0  0  0  0  0  0  
0  0  0  0  0  0  0  0  1  
0  0  0  0  0  1  0  0  0  
0  0  0  1  0  0  0  0  0  
1  0  0  0  0  0  0  0  0  
0  0  0  0  0  0  1  0  0  
第54个解
0  1  0  0  0  0  0  0  0  
0  0  0  0  0  0  0  1  0  
0  0  0  0  0  1  0  0  0  
0  0  0  0  0  0  0  0  1  
0  0  1  0  0  0  0  0  0  
1  0  0  0  0  0  0  0  0  
0  0  0  1  0  0  0  0  0  
0  0  0  0  0  0  1  0  0  
0  0  0  0  1  0  0  0  0  
第55个解
0  1  0  0  0  0  0  0  0  
0  0  0  0  0  0  0  0  1  
0  0  0  0  1  0  0  0  0  
0  0  1  0  0  0  0  0  0  
0  0  0  0  0  0  0  1  0  
0  0  0  1  0  0  0  0  0  
0  0  0  0  0  0  1  0  0  
1  0  0  0  0  0  0  0  0  
0  0  0  0  0  1  0  0  0  
第56个解
0  1  0  0  0  0  0  0  0  
0  0  0  0  0  0  0  0  1  
0  0  0  0  0  1  0  0  0  
0  0  1  0  0  0  0  0  0  
0  0  0  0  1  0  0  0  0  
0  0  0  0  0  0  0  1  0  
1  0  0  0  0  0  0  0  0  
0  0  0  1  0  0  0  0  0  
0  0  0  0  0  0  1  0  0  
第57个解
0  1  0  0  0  0  0  0  0  
0  0  0  0  0  0  0  0  1  
0  0  0  0  0  1  0  0  0  
0  0  1  0  0  0  0  0  0  
0  0  0  0  0  0  1  0  0  
0  0  0  1  0  0  0  0  0  
1  0  0  0  0  0  0  0  0  
0  0  0  0  0  0  0  1  0  
0  0  0  0  1  0  0  0  0  
第58个解
0  1  0  0  0  0  0  0  0  
0  0  0  0  0  0  0  0  1  
0  0  0  0  0  1  0  0  0  
0  0  0  1  0  0  0  0  0  
0  0  0  0  0  0  1  0  0  
1  0  0  0  0  0  0  0  0  
0  0  1  0  0  0  0  0  0  
0  0  0  0  1  0  0  0  0  
0  0  0  0  0  0  0  1  0  
第59个解
0  0  1  0  0  0  0  0  0  
1  0  0  0  0  0  0  0  0  
0  0  0  1  0  0  0  0  0  
0  0  0  0  0  0  1  0  0  
0  0  0  0  0  0  0  0  1  
0  1  0  0  0  0  0  0  0  
0  0  0  0  1  0  0  0  0  
0  0  0  0  0  0  0  1  0  
0  0  0  0  0  1  0  0  0  
第60个解
0  0  1  0  0  0  0  0  0  
1  0  0  0  0  0  0  0  0  
0  0  0  0  0  1  0  0  0  
0  0  0  0  0  0  0  1  0  
0  0  0  0  1  0  0  0  0  
0  1  0  0  0  0  0  0  0  
0  0  0  1  0  0  0  0  0  
0  0  0  0  0  0  0  0  1  
0  0  0  0  0  0  1  0  0  
第61个解
0  0  1  0  0  0  0  0  0  
1  0  0  0  0  0  0  0  0  
0  0  0  0  0  0  1  0  0  
0  1  0  0  0  0  0  0  0  
0  0  0  0  0  0  0  1  0  
0  0  0  0  0  1  0  0  0  
0  0  0  1  0  0  0  0  0  
0  0  0  0  0  0  0  0  1  
0  0  0  0  1  0  0  0  0  
第62个解
0  0  1  0  0  0  0  0  0  
1  0  0  0  0  0  0  0  0  
0  0  0  0  0  0  1  0  0  
0  0  0  0  1  0  0  0  0  
0  0  0  0  0  0  0  1  0  
0  1  0  0  0  0  0  0  0  
0  0  0  1  0  0  0  0  0  
0  0  0  0  0  1  0  0  0  
0  0  0  0  0  0  0  0  1  
第63个解
0  0  1  0  0  0  0  0  0  
1  0  0  0  0  0  0  0  0  
0  0  0  0  0  0  0  1  0  
0  0  0  1  0  0  0  0  0  
0  0  0  0  0  0  0  0  1  
0  0  0  0  0  0  1  0  0  
0  0  0  0  1  0  0  0  0  
0  1  0  0  0  0  0  0  0  
0  0  0  0  0  1  0  0  0  
第64个解
0  0  1  0  0  0  0  0  0  
1  0  0  0  0  0  0  0  0  
0  0  0  0  0  0  0  0  1  
0  0  0  0  0  0  1  0  0  
0  0  0  0  1  0  0  0  0  
0  1  0  0  0  0  0  0  0  
0  0  0  0  0  0  0  1  0  
0  0  0  0  0  1  0  0  0  
0  0  0  1  0  0  0  0  0  
第65个解
0  0  1  0  0  0  0  0  0  
0  0  0  0  1  0  0  0  0  
0  1  0  0  0  0  0  0  0  
0  0  0  0  0  0  0  1  0  
1  0  0  0  0  0  0  0  0  
0  0  0  1  0  0  0  0  0  
0  0  0  0  0  0  1  0  0  
0  0  0  0  0  0  0  0  1  
0  0  0  0  0  1  0  0  0  
第66个解
0  0  1  0  0  0  0  0  0  
0  0  0  0  1  0  0  0  0  
0  1  0  0  0  0  0  0  0  
0  0  0  0  0  0  0  1  0  
1  0  0  0  0  0  0  0  0  
0  0  0  0  0  0  1  0  0  
0  0  0  1  0  0  0  0  0  
0  0  0  0  0  1  0  0  0  
0  0  0  0  0  0  0  0  1  
第67个解
0  0  1  0  0  0  0  0  0  
0  0  0  0  1  0  0  0  0  
0  0  0  0  0  0  1  0  0  
1  0  0  0  0  0  0  0  0  
0  0  0  1  0  0  0  0  0  
0  1  0  0  0  0  0  0  0  
0  0  0  0  0  0  0  1  0  
0  0  0  0  0  1  0  0  0  
0  0  0  0  0  0  0  0  1  
第68个解
0  0  1  0  0  0  0  0  0  
0  0  0  0  1  0  0  0  0  
0  0  0  0  0  0  0  1  0  
0  1  0  0  0  0  0  0  0  
0  0  0  0  0  0  0  0  1  
0  0  0  0  0  1  0  0  0  
1  0  0  0  0  0  0  0  0  
0  0  0  0  0  0  1  0  0  
0  0  0  1  0  0  0  0  0  
第69个解
0  0  1  0  0  0  0  0  0  
0  0  0  0  1  0  0  0  0  
0  0  0  0  0  0  0  1  0  
0  1  0  0  0  0  0  0  0  
0  0  0  0  0  0  0  0  1  
0  0  0  0  0  0  1  0  0  
1  0  0  0  0  0  0  0  0  
0  0  0  1  0  0  0  0  0  
0  0  0  0  0  1  0  0  0  
第70个解
0  0  1  0  0  0  0  0  0  
0  0  0  0  1  0  0  0  0  
0  0  0  0  0  0  0  0  1  
0  1  0  0  0  0  0  0  0  
0  0  0  1  0  0  0  0  0  
0  0  0  0  0  0  1  0  0  
1  0  0  0  0  0  0  0  0  
0  0  0  0  0  0  0  1  0  
0  0  0  0  0  1  0  0  0  
第71个解
0  0  1  0  0  0  0  0  0  
0  0  0  0  1  0  0  0  0  
0  0  0  0  0  0  0  0  1  
0  0  0  1  0  0  0  0  0  
1  0  0  0  0  0  0  0  0  
0  0  0  0  0  0  1  0  0  
0  1  0  0  0  0  0  0  0  
0  0  0  0  0  1  0  0  0  
0  0  0  0  0  0  0  1  0  
第72个解
0  0  1  0  0  0  0  0  0  
0  0  0  0  0  1  0  0  0  
0  1  0  0  0  0  0  0  0  
0  0  0  0  0  0  1  0  0  
1  0  0  0  0  0  0  0  0  
0  0  0  1  0  0  0  0  0  
0  0  0  0  0  0  0  1  0  
0  0  0  0  1  0  0  0  0  
0  0  0  0  0  0  0  0  1  
第73个解
0  0  1  0  0  0  0  0  0  
0  0  0  0  0  1  0  0  0  
0  1  0  0  0  0  0  0  0  
0  0  0  0  0  0  0  0  1  
0  0  0  0  1  0  0  0  0  
1  0  0  0  0  0  0  0  0  
0  0  0  0  0  0  0  1  0  
0  0  0  1  0  0  0  0  0  
0  0  0  0  0  0  1  0  0  
第74个解
0  0  1  0  0  0  0  0  0  
0  0  0  0  0  1  0  0  0  
0  0  0  0  0  0  0  1  0  
1  0  0  0  0  0  0  0  0  
0  0  0  1  0  0  0  0  0  
0  0  0  0  0  0  1  0  0  
0  0  0  0  1  0  0  0  0  
0  1  0  0  0  0  0  0  0  
0  0  0  0  0  0  0  0  1  
第75个解
0  0  1  0  0  0  0  0  0  
0  0  0  0  0  1  0  0  0  
0  0  0  0  0  0  0  1  0  
1  0  0  0  0  0  0  0  0  
0  0  0  0  1  0  0  0  0  
0  0  0  0  0  0  0  0  1  
0  1  0  0  0  0  0  0  0  
0  0  0  1  0  0  0  0  0  
0  0  0  0  0  0  1  0  0  
第76个解
0  0  1  0  0  0  0  0  0  
0  0  0  0  0  1  0  0  0  
0  0  0  0  0  0  0  1  0  
0  1  0  0  0  0  0  0  0  
0  0  0  1  0  0  0  0  0  
0  0  0  0  0  0  0  0  1  
0  0  0  0  0  0  1  0  0  
0  0  0  0  1  0  0  0  0  
1  0  0  0  0  0  0  0  0  
第77个解
0  0  1  0  0  0  0  0  0  
0  0  0  0  0  1  0  0  0  
0  0  0  0  0  0  0  1  0  
0  0  0  0  1  0  0  0  0  
1  0  0  0  0  0  0  0  0  
0  0  0  0  0  0  0  0  1  
0  0  0  0  0  0  1  0  0  
0  1  0  0  0  0  0  0  0  
0  0  0  1  0  0  0  0  0  
第78个解
0  0  1  0  0  0  0  0  0  
0  0  0  0  0  1  0  0  0  
0  0  0  0  0  0  0  1  0  
0  0  0  0  1  0  0  0  0  
0  1  0  0  0  0  0  0  0  
0  0  0  0  0  0  0  0  1  
0  0  0  0  0  0  1  0  0  
0  0  0  1  0  0  0  0  0  
1  0  0  0  0  0  0  0  0  
第79个解
0  0  1  0  0  0  0  0  0  
0  0  0  0  0  1  0  0  0  
0  0  0  0  0  0  0  0  1  
1  0  0  0  0  0  0  0  0  
0  0  0  0  0  0  0  1  0  
0  0  0  1  0  0  0  0  0  
0  1  0  0  0  0  0  0  0  
0  0  0  0  0  0  1  0  0  
0  0  0  0  1  0  0  0  0  
第80个解
0  0  1  0  0  0  0  0  0  
0  0  0  0  0  1  0  0  0  
0  0  0  0  0  0  0  0  1  
0  1  0  0  0  0  0  0  0  
0  0  0  0  1  0  0  0  0  
0  0  0  0  0  0  1  0  0  
0  0  0  1  0  0  0  0  0  
1  0  0  0  0  0  0  0  0  
0  0  0  0  0  0  0  1  0  
第81个解
0  0  1  0  0  0  0  0  0  
0  0  0  0  0  1  0  0  0  
0  0  0  0  0  0  0  0  1  
0  1  0  0  0  0  0  0  0  
0  0  0  0  0  0  0  1  0  
1  0  0  0  0  0  0  0  0  
0  0  0  1  0  0  0  0  0  
0  0  0  0  0  0  1  0  0  
0  0  0  0  1  0  0  0  0  
第82个解
0  0  1  0  0  0  0  0  0  
0  0  0  0  0  1  0  0  0  
0  0  0  0  0  0  0  0  1  
0  0  0  0  1  0  0  0  0  
0  0  0  0  0  0  0  1  0  
1  0  0  0  0  0  0  0  0  
0  0  0  1  0  0  0  0  0  
0  1  0  0  0  0  0  0  0  
0  0  0  0  0  0  1  0  0  
第83个解
0  0  1  0  0  0  0  0  0  
0  0  0  0  0  1  0  0  0  
0  0  0  0  0  0  0  0  1  
0  0  0  0  0  0  1  0  0  
1  0  0  0  0  0  0  0  0  
0  0  0  1  0  0  0  0  0  
0  1  0  0  0  0  0  0  0  
0  0  0  0  1  0  0  0  0  
0  0  0  0  0  0  0  1  0  
第84个解
0  0  1  0  0  0  0  0  0  
0  0  0  0  0  1  0  0  0  
0  0  0  0  0  0  0  0  1  
0  0  0  0  0  0  1  0  0  
0  1  0  0  0  0  0  0  0  
0  0  0  1  0  0  0  0  0  
0  0  0  0  0  0  0  1  0  
1  0  0  0  0  0  0  0  0  
0  0  0  0  1  0  0  0  0  
第85个解
0  0  1  0  0  0  0  0  0  
0  0  0  0  0  1  0  0  0  
0  0  0  0  0  0  0  0  1  
0  0  0  0  0  0  1  0  0  
0  0  0  1  0  0  0  0  0  
1  0  0  0  0  0  0  0  0  
0  0  0  0  0  0  0  1  0  
0  1  0  0  0  0  0  0  0  
0  0  0  0  1  0  0  0  0  
第86个解
0  0  1  0  0  0  0  0  0  
0  0  0  0  0  0  1  0  0  
0  1  0  0  0  0  0  0  0  
0  0  0  1  0  0  0  0  0  
0  0  0  0  0  0  0  1  0  
1  0  0  0  0  0  0  0  0  
0  0  0  0  1  0  0  0  0  
0  0  0  0  0  0  0  0  1  
0  0  0  0  0  1  0  0  0  
第87个解
0  0  1  0  0  0  0  0  0  
0  0  0  0  0  0  1  0  0  
0  1  0  0  0  0  0  0  0  
0  0  0  0  0  0  0  1  0  
0  0  0  0  1  0  0  0  0  
0  0  0  0  0  0  0  0  1  
1  0  0  0  0  0  0  0  0  
0  0  0  0  0  1  0  0  0  
0  0  0  1  0  0  0  0  0  
第88个解
0  0  1  0  0  0  0  0  0  
0  0  0  0  0  0  1  0  0  
0  1  0  0  0  0  0  0  0  
0  0  0  0  0  0  0  1  0  
0  0  0  0  0  1  0  0  0  
0  0  0  1  0  0  0  0  0  
1  0  0  0  0  0  0  0  0  
0  0  0  0  1  0  0  0  0  
0  0  0  0  0  0  0  0  1  
第89个解
0  0  1  0  0  0  0  0  0  
0  0  0  0  0  0  1  0  0  
0  0  0  1  0  0  0  0  0  
0  1  0  0  0  0  0  0  0  
0  0  0  0  0  0  0  0  1  
0  0  0  0  1  0  0  0  0  
1  0  0  0  0  0  0  0  0  
0  0  0  0  0  0  0  1  0  
0  0  0  0  0  1  0  0  0  
第90个解
0  0  1  0  0  0  0  0  0  
0  0  0  0  0  0  1  0  0  
0  0  0  1  0  0  0  0  0  
0  1  0  0  0  0  0  0  0  
0  0  0  0  0  0  0  0  1  
0  0  0  0  0  1  0  0  0  
1  0  0  0  0  0  0  0  0  
0  0  0  0  1  0  0  0  0  
0  0  0  0  0  0  0  1  0  
第91个解
0  0  1  0  0  0  0  0  0  
0  0  0  0  0  0  1  0  0  
0  0  0  1  0  0  0  0  0  
0  0  0  0  0  0  0  1  0  
0  0  0  0  1  0  0  0  0  
0  0  0  0  0  0  0  0  1  
1  0  0  0  0  0  0  0  0  
0  0  0  0  0  1  0  0  0  
0  1  0  0  0  0  0  0  0  
第92个解
0  0  1  0  0  0  0  0  0  
0  0  0  0  0  0  1  0  0  
0  0  0  0  0  0  0  0  1  
1  0  0  0  0  0  0  0  0  
0  0  0  0  1  0  0  0  0  
0  1  0  0  0  0  0  0  0  
0  0  0  0  0  0  0  1  0  
0  0  0  0  0  1  0  0  0  
0  0  0  1  0  0  0  0  0  
第93个解
0  0  1  0  0  0  0  0  0  
0  0  0  0  0  0  1  0  0  
0  0  0  0  0  0  0  0  1  
0  0  0  1  0  0  0  0  0  
0  1  0  0  0  0  0  0  0  
0  0  0  0  1  0  0  0  0  
0  0  0  0  0  0  0  1  0  
0  0  0  0  0  1  0  0  0  
1  0  0  0  0  0  0  0  0  
第94个解
0  0  1  0  0  0  0  0  0  
0  0  0  0  0  0  0  1  0  
0  1  0  0  0  0  0  0  0  
0  0  0  1  0  0  0  0  0  
0  0  0  0  0  0  0  0  1  
0  0  0  0  0  0  1  0  0  
0  0  0  0  1  0  0  0  0  
1  0  0  0  0  0  0  0  0  
0  0  0  0  0  1  0  0  0  
第95个解
0  0  1  0  0  0  0  0  0  
0  0  0  0  0  0  0  1  0  
0  0  0  1  0  0  0  0  0  
0  0  0  0  0  0  1  0  0  
0  0  0  0  0  0  0  0  1  
0  1  0  0  0  0  0  0  0  
0  0  0  0  1  0  0  0  0  
1  0  0  0  0  0  0  0  0  
0  0  0  0  0  1  0  0  0  
第96个解
0  0  1  0  0  0  0  0  0  
0  0  0  0  0  0  0  1  0  
0  0  0  0  0  1  0  0  0  
1  0  0  0  0  0  0  0  0  
0  0  0  0  0  0  0  0  1  
0  1  0  0  0  0  0  0  0  
0  0  0  0  1  0  0  0  0  
0  0  0  0  0  0  1  0  0  
0  0  0  1  0  0  0  0  0  
第97个解
0  0  1  0  0  0  0  0  0  
0  0  0  0  0  0  0  1  0  
0  0  0  0  0  1  0  0  0  
0  0  0  1  0  0  0  0  0  
0  0  0  0  0  0  0  0  1  
1  0  0  0  0  0  0  0  0  
0  0  0  0  1  0  0  0  0  
0  0  0  0  0  0  1  0  0  
0  1  0  0  0  0  0  0  0  
第98个解
0  0  1  0  0  0  0  0  0  
0  0  0  0  0  0  0  1  0  
0  0  0  0  0  1  0  0  0  
0  0  0  0  0  0  0  0  1  
0  1  0  0  0  0  0  0  0  
0  0  0  0  1  0  0  0  0  
1  0  0  0  0  0  0  0  0  
0  0  0  1  0  0  0  0  0  
0  0  0  0  0  0  1  0  0  
第99个解
0  0  1  0  0  0  0  0  0  
0  0  0  0  0  0  0  0  1  
0  1  0  0  0  0  0  0  0  
0  0  0  0  1  0  0  0  0  
0  0  0  0  0  0  0  1  0  
1  0  0  0  0  0  0  0  0  
0  0  0  0  0  0  1  0  0  
0  0  0  1  0  0  0  0  0  
0  0  0  0  0  1  0  0  0  
第100个解
0  0  1  0  0  0  0  0  0  
0  0  0  0  0  0  0  0  1  
0  0  0  1  0  0  0  0  0  
1  0  0  0  0  0  0  0  0  
0  0  0  0  0  0  0  1  0  
0  0  0  0  0  1  0  0  0  
0  1  0  0  0  0  0  0  0  
0  0  0  0  0  0  1  0  0  
0  0  0  0  1  0  0  0  0  
第101个解
0  0  1  0  0  0  0  0  0  
0  0  0  0  0  0  0  0  1  
0  0  0  1  0  0  0  0  0  
0  1  0  0  0  0  0  0  0  
0  0  0  0  0  0  0  1  0  
0  0  0  0  0  1  0  0  0  
1  0  0  0  0  0  0  0  0  
0  0  0  0  0  0  1  0  0  
0  0  0  0  1  0  0  0  0  
第102个解
0  0  1  0  0  0  0  0  0  
0  0  0  0  0  0  0  0  1  
0  0  0  1  0  0  0  0  0  
0  0  0  0  0  0  0  1  0  
0  0  0  0  1  0  0  0  0  
0  1  0  0  0  0  0  0  0  
0  0  0  0  0  1  0  0  0  
1  0  0  0  0  0  0  0  0  
0  0  0  0  0  0  1  0  0  
第103个解
0  0  1  0  0  0  0  0  0  
0  0  0  0  0  0  0  0  1  
0  0  0  0  0  1  0  0  0  
0  1  0  0  0  0  0  0  0  
0  0  0  0  1  0  0  0  0  
0  0  0  0  0  0  1  0  0  
1  0  0  0  0  0  0  0  0  
0  0  0  1  0  0  0  0  0  
0  0  0  0  0  0  0  1  0  
第104个解
0  0  1  0  0  0  0  0  0  
0  0  0  0  0  0  0  0  1  
0  0  0  0  0  1  0  0  0  
0  0  0  1  0  0  0  0  0  
1  0  0  0  0  0  0  0  0  
0  0  0  0  0  0  1  0  0  
0  0  0  0  1  0  0  0  0  
0  1  0  0  0  0  0  0  0  
0  0  0  0  0  0  0  1  0  
第105个解
0  0  1  0  0  0  0  0  0  
0  0  0  0  0  0  0  0  1  
0  0  0  0  0  1  0  0  0  
0  0  0  0  0  0  0  1  0  
0  1  0  0  0  0  0  0  0  
0  0  0  1  0  0  0  0  0  
1  0  0  0  0  0  0  0  0  
0  0  0  0  0  0  1  0  0  
0  0  0  0  1  0  0  0  0  
第106个解
0  0  0  1  0  0  0  0  0  
1  0  0  0  0  0  0  0  0  
0  0  1  0  0  0  0  0  0  
0  0  0  0  0  1  0  0  0  
0  0  0  0  0  0  0  0  1  
0  1  0  0  0  0  0  0  0  
0  0  0  0  0  0  0  1  0  
0  0  0  0  1  0  0  0  0  
0  0  0  0  0  0  1  0  0  
第107个解
0  0  0  1  0  0  0  0  0  
1  0  0  0  0  0  0  0  0  
0  0  0  0  1  0  0  0  0  
0  1  0  0  0  0  0  0  0  
0  0  0  0  0  0  0  0  1  
0  0  0  0  0  0  1  0  0  
0  0  1  0  0  0  0  0  0  
0  0  0  0  0  0  0  1  0  
0  0  0  0  0  1  0  0  0  
第108个解
0  0  0  1  0  0  0  0  0  
1  0  0  0  0  0  0  0  0  
0  0  0  0  1  0  0  0  0  
0  0  0  0  0  0  0  1  0  
0  1  0  0  0  0  0  0  0  
0  0  0  0  0  0  1  0  0  
0  0  1  0  0  0  0  0  0  
0  0  0  0  0  1  0  0  0  
0  0  0  0  0  0  0  0  1  
第109个解
0  0  0  1  0  0  0  0  0  
1  0  0  0  0  0  0  0  0  
0  0  0  0  1  0  0  0  0  
0  0  0  0  0  0  0  0  1  
0  1  0  0  0  0  0  0  0  
0  0  0  0  0  1  0  0  0  
0  0  0  0  0  0  0  1  0  
0  0  1  0  0  0  0  0  0  
0  0  0  0  0  0  1  0  0  
第110个解
0  0  0  1  0  0  0  0  0  
1  0  0  0  0  0  0  0  0  
0  0  0  0  0  0  1  0  0  
0  0  0  0  0  0  0  0  1  
0  1  0  0  0  0  0  0  0  
0  0  0  0  0  1  0  0  0  
0  0  0  0  0  0  0  1  0  
0  0  1  0  0  0  0  0  0  
0  0  0  0  1  0  0  0  0  
第111个解
0  0  0  1  0  0  0  0  0  
1  0  0  0  0  0  0  0  0  
0  0  0  0  0  0  0  0  1  
0  0  0  0  0  1  0  0  0  
0  0  1  0  0  0  0  0  0  
0  0  0  0  0  0  1  0  0  
0  1  0  0  0  0  0  0  0  
0  0  0  0  0  0  0  1  0  
0  0  0  0  1  0  0  0  0  
第112个解
0  0  0  1  0  0  0  0  0  
0  1  0  0  0  0  0  0  0  
0  0  0  0  1  0  0  0  0  
0  0  0  0  0  0  0  1  0  
1  0  0  0  0  0  0  0  0  
0  0  1  0  0  0  0  0  0  
0  0  0  0  0  1  0  0  0  
0  0  0  0  0  0  0  0  1  
0  0  0  0  0  0  1  0  0  
第113个解
0  0  0  1  0  0  0  0  0  
0  1  0  0  0  0  0  0  0  
0  0  0  0  0  0  1  0  0  
0  0  1  0  0  0  0  0  0  
1  0  0  0  0  0  0  0  0  
0  0  0  0  0  0  0  1  0  
0  0  0  0  1  0  0  0  0  
0  0  0  0  0  0  0  0  1  
0  0  0  0  0  1  0  0  0  
第114个解
0  0  0  1  0  0  0  0  0  
0  1  0  0  0  0  0  0  0  
0  0  0  0  0  0  1  0  0  
0  0  0  0  0  0  0  0  1  
1  0  0  0  0  0  0  0  0  
0  0  0  0  1  0  0  0  0  
0  0  0  0  0  0  0  1  0  
0  0  0  0  0  1  0  0  0  
0  0  1  0  0  0  0  0  0  
第115个解
0  0  0  1  0  0  0  0  0  
0  1  0  0  0  0  0  0  0  
0  0  0  0  0  0  1  0  0  
0  0  0  0  0  0  0  0  1  
1  0  0  0  0  0  0  0  0  
0  0  0  0  0  0  0  1  0  
0  0  0  0  1  0  0  0  0  
0  0  1  0  0  0  0  0  0  
0  0  0  0  0  1  0  0  0  
第116个解
0  0  0  1  0  0  0  0  0  
0  1  0  0  0  0  0  0  0  
0  0  0  0  0  0  0  1  0  
0  0  1  0  0  0  0  0  0  
0  0  0  0  0  0  0  0  1  
0  0  0  0  0  0  1  0  0  
0  0  0  0  1  0  0  0  0  
1  0  0  0  0  0  0  0  0  
0  0  0  0  0  1  0  0  0  
第117个解
0  0  0  1  0  0  0  0  0  
0  1  0  0  0  0  0  0  0  
0  0  0  0  0  0  0  0  1  
0  0  1  0  0  0  0  0  0  
0  0  0  0  0  1  0  0  0  
0  0  0  0  0  0  0  1  0  
1  0  0  0  0  0  0  0  0  
0  0  0  0  1  0  0  0  0  
0  0  0  0  0  0  1  0  0  
第118个解
0  0  0  1  0  0  0  0  0  
0  1  0  0  0  0  0  0  0  
0  0  0  0  0  0  0  0  1  
0  0  0  0  1  0  0  0  0  
1  0  0  0  0  0  0  0  0  
0  0  0  0  0  0  0  1  0  
0  0  0  0  0  1  0  0  0  
0  0  1  0  0  0  0  0  0  
0  0  0  0  0  0  1  0  0  
第119个解
0  0  0  1  0  0  0  0  0  
0  0  0  0  0  1  0  0  0  
1  0  0  0  0  0  0  0  0  
0  0  0  0  1  0  0  0  0  
0  1  0  0  0  0  0  0  0  
0  0  0  0  0  0  0  1  0  
0  0  1  0  0  0  0  0  0  
0  0  0  0  0  0  1  0  0  
0  0  0  0  0  0  0  0  1  
第120个解
0  0  0  1  0  0  0  0  0  
0  0  0  0  0  1  0  0  0  
1  0  0  0  0  0  0  0  0  
0  0  0  0  0  0  0  0  1  
0  0  0  0  1  0  0  0  0  
0  0  0  0  0  0  0  1  0  
0  1  0  0  0  0  0  0  0  
0  0  0  0  0  0  1  0  0  
0  0  1  0  0  0  0  0  0  
第121个解
0  0  0  1  0  0  0  0  0  
0  0  0  0  0  1  0  0  0  
1  0  0  0  0  0  0  0  0  
0  0  0  0  0  0  0  0  1  
0  0  0  0  0  0  1  0  0  
0  0  1  0  0  0  0  0  0  
0  0  0  0  0  0  0  1  0  
0  1  0  0  0  0  0  0  0  
0  0  0  0  1  0  0  0  0  
第122个解
0  0  0  1  0  0  0  0  0  
0  0  0  0  0  1  0  0  0  
0  0  1  0  0  0  0  0  0  
0  0  0  0  0  0  0  0  1  
0  1  0  0  0  0  0  0  0  
0  0  0  0  1  0  0  0  0  
0  0  0  0  0  0  0  1  0  
1  0  0  0  0  0  0  0  0  
0  0  0  0  0  0  1  0  0  
第123个解
0  0  0  1  0  0  0  0  0  
0  0  0  0  0  1  0  0  0  
0  0  1  0  0  0  0  0  0  
0  0  0  0  0  0  0  0  1  
0  1  0  0  0  0  0  0  0  
0  0  0  0  0  0  0  1  0  
0  0  0  0  1  0  0  0  0  
0  0  0  0  0  0  1  0  0  
1  0  0  0  0  0  0  0  0  
第124个解
0  0  0  1  0  0  0  0  0  
0  0  0  0  0  1  0  0  0  
0  0  1  0  0  0  0  0  0  
0  0  0  0  0  0  0  0  1  
0  0  0  0  0  0  1  0  0  
1  0  0  0  0  0  0  0  0  
0  0  0  0  0  0  0  1  0  
0  1  0  0  0  0  0  0  0  
0  0  0  0  1  0  0  0  0  
第125个解
0  0  0  1  0  0  0  0  0  
0  0  0  0  0  1  0  0  0  
0  0  0  0  0  0  0  1  0  
0  1  0  0  0  0  0  0  0  
0  0  0  0  1  0  0  0  0  
1  0  0  0  0  0  0  0  0  
0  0  0  0  0  0  0  0  1  
0  0  0  0  0  0  1  0  0  
0  0  1  0  0  0  0  0  0  
第126个解
0  0  0  1  0  0  0  0  0  
0  0  0  0  0  1  0  0  0  
0  0  0  0  0  0  0  1  0  
0  1  0  0  0  0  0  0  0  
0  0  0  0  1  0  0  0  0  
0  0  0  0  0  0  1  0  0  
0  0  0  0  0  0  0  0  1  
1  0  0  0  0  0  0  0  0  
0  0  1  0  0  0  0  0  0  
第127个解
0  0  0  1  0  0  0  0  0  
0  0  0  0  0  1  0  0  0  
0  0  0  0  0  0  0  1  0  
0  1  0  0  0  0  0  0  0  
0  0  0  0  0  0  1  0  0  
1  0  0  0  0  0  0  0  0  
0  0  1  0  0  0  0  0  0  
0  0  0  0  1  0  0  0  0  
0  0  0  0  0  0  0  0  1  
第128个解
0  0  0  1  0  0  0  0  0  
0  0  0  0  0  1  0  0  0  
0  0  0  0  0  0  0  1  0  
0  0  1  0  0  0  0  0  0  
1  0  0  0  0  0  0  0  0  
0  0  0  0  0  0  1  0  0  
0  0  0  0  1  0  0  0  0  
0  1  0  0  0  0  0  0  0  
0  0  0  0  0  0  0  0  1  
第129个解
0  0  0  1  0  0  0  0  0  
0  0  0  0  0  1  0  0  0  
0  0  0  0  0  0  0  0  1  
0  0  1  0  0  0  0  0  0  
1  0  0  0  0  0  0  0  0  
0  0  0  0  0  0  0  1  0  
0  1  0  0  0  0  0  0  0  
0  0  0  0  1  0  0  0  0  
0  0  0  0  0  0  1  0  0  
第130个解
0  0  0  1  0  0  0  0  0  
0  0  0  0  0  0  1  0  0  
1  0  0  0  0  0  0  0  0  
0  0  1  0  0  0  0  0  0  
0  0  0  0  0  0  0  0  1  
0  0  0  0  0  1  0  0  0  
0  0  0  0  0  0  0  1  0  
0  0  0  0  1  0  0  0  0  
0  1  0  0  0  0  0  0  0  
第131个解
0  0  0  1  0  0  0  0  0  
0  0  0  0  0  0  1  0  0  
1  0  0  0  0  0  0  0  0  
0  0  0  0  0  1  0  0  0  
0  0  0  0  0  0  0  0  1  
0  1  0  0  0  0  0  0  0  
0  0  0  0  0  0  0  1  0  
0  0  0  0  1  0  0  0  0  
0  0  1  0  0  0  0  0  0  
第132个解
0  0  0  1  0  0  0  0  0  
0  0  0  0  0  0  1  0  0  
1  0  0  0  0  0  0  0  0  
0  0  0  0  0  0  0  1  0  
0  0  0  0  1  0  0  0  0  
0  1  0  0  0  0  0  0  0  
0  0  0  0  0  0  0  0  1  
0  0  1  0  0  0  0  0  0  
0  0  0  0  0  1  0  0  0  
第133个解
0  0  0  1  0  0  0  0  0  
0  0  0  0  0  0  1  0  0  
0  0  1  0  0  0  0  0  0  
0  0  0  0  0  1  0  0  0  
0  0  0  0  0  0  0  0  1  
1  0  0  0  0  0  0  0  0  
0  0  0  0  0  0  0  1  0  
0  0  0  0  1  0  0  0  0  
0  1  0  0  0  0  0  0  0  
第134个解
0  0  0  1  0  0  0  0  0  
0  0  0  0  0  0  1  0  0  
0  0  1  0  0  0  0  0  0  
0  0  0  0  0  0  0  1  0  
0  1  0  0  0  0  0  0  0  
0  0  0  0  1  0  0  0  0  
0  0  0  0  0  0  0  0  1  
0  0  0  0  0  1  0  0  0  
1  0  0  0  0  0  0  0  0  
第135个解
0  0  0  1  0  0  0  0  0  
0  0  0  0  0  0  1  0  0  
0  0  1  0  0  0  0  0  0  
0  0  0  0  0  0  0  1  0  
0  0  0  0  0  1  0  0  0  
1  0  0  0  0  0  0  0  0  
0  0  0  0  0  0  0  0  1  
0  1  0  0  0  0  0  0  0  
0  0  0  0  1  0  0  0  0  
第136个解
0  0  0  1  0  0  0  0  0  
0  0  0  0  0  0  1  0  0  
0  0  1  0  0  0  0  0  0  
0  0  0  0  0  0  0  1  0  
0  0  0  0  0  1  0  0  0  
0  1  0  0  0  0  0  0  0  
0  0  0  0  0  0  0  0  1  
0  0  0  0  1  0  0  0  0  
1  0  0  0  0  0  0  0  0  
第137个解
0  0  0  1  0  0  0  0  0  
0  0  0  0  0  0  1  0  0  
0  0  0  0  1  0  0  0  0  
0  1  0  0  0  0  0  0  0  
0  0  0  0  0  0  0  0  1  
1  0  0  0  0  0  0  0  0  
0  0  1  0  0  0  0  0  0  
0  0  0  0  0  0  0  1  0  
0  0  0  0  0  1  0  0  0  
第138个解
0  0  0  1  0  0  0  0  0  
0  0  0  0  0  0  1  0  0  
0  0  0  0  1  0  0  0  0  
0  1  0  0  0  0  0  0  0  
0  0  0  0  0  0  0  0  1  
1  0  0  0  0  0  0  0  0  
0  0  0  0  0  1  0  0  0  
0  0  0  0  0  0  0  1  0  
0  0  1  0  0  0  0  0  0  
第139个解
0  0  0  1  0  0  0  0  0  
0  0  0  0  0  0  1  0  0  
0  0  0  0  1  0  0  0  0  
0  1  0  0  0  0  0  0  0  
0  0  0  0  0  0  0  0  1  
0  0  0  0  0  1  0  0  0  
0  0  0  0  0  0  0  1  0  
0  0  1  0  0  0  0  0  0  
1  0  0  0  0  0  0  0  0  
第140个解
0  0  0  1  0  0  0  0  0  
0  0  0  0  0  0  1  0  0  
0  0  0  0  0  0  0  0  1  
0  1  0  0  0  0  0  0  0  
0  0  0  0  1  0  0  0  0  
0  0  0  0  0  0  0  1  0  
1  0  0  0  0  0  0  0  0  
0  0  1  0  0  0  0  0  0  
0  0  0  0  0  1  0  0  0  
第141个解
0  0  0  1  0  0  0  0  0  
0  0  0  0  0  0  1  0  0  
0  0  0  0  0  0  0  0  1  
0  1  0  0  0  0  0  0  0  
0  0  0  0  0  1  0  0  0  
1  0  0  0  0  0  0  0  0  
0  0  1  0  0  0  0  0  0  
0  0  0  0  1  0  0  0  0  
0  0  0  0  0  0  0  1  0  
第142个解
0  0  0  1  0  0  0  0  0  
0  0  0  0  0  0  1  0  0  
0  0  0  0  0  0  0  0  1  
0  0  0  0  0  1  0  0  0  
0  0  1  0  0  0  0  0  0  
1  0  0  0  0  0  0  0  0  
0  0  0  0  0  0  0  1  0  
0  0  0  0  1  0  0  0  0  
0  1  0  0  0  0  0  0  0  
第143个解
0  0  0  1  0  0  0  0  0  
0  0  0  0  0  0  0  1  0  
1  0  0  0  0  0  0  0  0  
0  0  0  0  1  0  0  0  0  
0  0  0  0  0  0  1  0  0  
0  1  0  0  0  0  0  0  0  
0  0  0  0  0  1  0  0  0  
0  0  1  0  0  0  0  0  0  
0  0  0  0  0  0  0  0  1  
第144个解
0  0  0  1  0  0  0  0  0  
0  0  0  0  0  0  0  1  0  
0  0  0  0  1  0  0  0  0  
0  0  1  0  0  0  0  0  0  
1  0  0  0  0  0  0  0  0  
0  0  0  0  0  1  0  0  0  
0  1  0  0  0  0  0  0  0  
0  0  0  0  0  0  0  0  1  
0  0  0  0  0  0  1  0  0  
第145个解
0  0  0  1  0  0  0  0  0  
0  0  0  0  0  0  0  1  0  
0  0  0  0  1  0  0  0  0  
0  0  1  0  0  0  0  0  0  
1  0  0  0  0  0  0  0  0  
0  0  0  0  0  0  1  0  0  
0  1  0  0  0  0  0  0  0  
0  0  0  0  0  1  0  0  0  
0  0  0  0  0  0  0  0  1  
第146个解
0  0  0  1  0  0  0  0  0  
0  0  0  0  0  0  0  0  1  
0  0  1  0  0  0  0  0  0  
0  0  0  0  0  1  0  0  0  
0  1  0  0  0  0  0  0  0  
0  0  0  0  0  0  1  0  0  
0  0  0  0  1  0  0  0  0  
1  0  0  0  0  0  0  0  0  
0  0  0  0  0  0  0  1  0  
第147个解
0  0  0  1  0  0  0  0  0  
0  0  0  0  0  0  0  0  1  
0  0  0  0  1  0  0  0  0  
0  0  1  0  0  0  0  0  0  
1  0  0  0  0  0  0  0  0  
0  0  0  0  0  1  0  0  0  
0  0  0  0  0  0  0  1  0  
0  1  0  0  0  0  0  0  0  
0  0  0  0  0  0  1  0  0  
第148个解
0  0  0  1  0  0  0  0  0  
0  0  0  0  0  0  0  0  1  
0  0  0  0  1  0  0  0  0  
0  0  1  0  0  0  0  0  0  
1  0  0  0  0  0  0  0  0  
0  0  0  0  0  0  1  0  0  
0  1  0  0  0  0  0  0  0  
0  0  0  0  0  0  0  1  0  
0  0  0  0  0  1  0  0  0  
第149个解
0  0  0  1  0  0  0  0  0  
0  0  0  0  0  0  0  0  1  
0  0  0  0  1  0  0  0  0  
0  0  0  0  0  0  0  1  0  
1  0  0  0  0  0  0  0  0  
0  0  1  0  0  0  0  0  0  
0  0  0  0  0  1  0  0  0  
0  1  0  0  0  0  0  0  0  
0  0  0  0  0  0  1  0  0  
第150个解
0  0  0  0  1  0  0  0  0  
1  0  0  0  0  0  0  0  0  
0  0  0  0  0  1  0  0  0  
0  0  0  1  0  0  0  0  0  
0  1  0  0  0  0  0  0  0  
0  0  0  0  0  0  0  1  0  
0  0  1  0  0  0  0  0  0  
0  0  0  0  0  0  0  0  1  
0  0  0  0  0  0  1  0  0  
第151个解
0  0  0  0  1  0  0  0  0  
1  0  0  0  0  0  0  0  0  
0  0  0  0  0  0  0  1  0  
0  0  0  1  0  0  0  0  0  
0  1  0  0  0  0  0  0  0  
0  0  0  0  0  0  1  0  0  
0  0  0  0  0  0  0  0  1  
0  0  0  0  0  1  0  0  0  
0  0  1  0  0  0  0  0  0  
第152个解
0  0  0  0  1  0  0  0  0  
1  0  0  0  0  0  0  0  0  
0  0  0  0  0  0  0  1  0  
0  0  0  0  0  1  0  0  0  
0  0  1  0  0  0  0  0  0  
0  0  0  0  0  0  1  0  0  
0  1  0  0  0  0  0  0  0  
0  0  0  1  0  0  0  0  0  
0  0  0  0  0  0  0  0  1  
第153个解
0  0  0  0  1  0  0  0  0  
0  1  0  0  0  0  0  0  0  
0  0  0  1  0  0  0  0  0  
1  0  0  0  0  0  0  0  0  
0  0  0  0  0  0  1  0  0  
0  0  0  0  0  0  0  0  1  
0  0  1  0  0  0  0  0  0  
0  0  0  0  0  1  0  0  0  
0  0  0  0  0  0  0  1  0  
第154个解
0  0  0  0  1  0  0  0  0  
0  1  0  0  0  0  0  0  0  
0  0  0  1  0  0  0  0  0  
0  0  0  0  0  0  0  0  1  
0  0  0  0  0  0  1  0  0  
0  0  1  0  0  0  0  0  0  
1  0  0  0  0  0  0  0  0  
0  0  0  0  0  1  0  0  0  
0  0  0  0  0  0  0  1  0  
第155个解
0  0  0  0  1  0  0  0  0  
0  1  0  0  0  0  0  0  0  
0  0  0  0  0  1  0  0  0  
1  0  0  0  0  0  0  0  0  
0  0  1  0  0  0  0  0  0  
0  0  0  0  0  0  1  0  0  
0  0  0  0  0  0  0  0  1  
0  0  0  1  0  0  0  0  0  
0  0  0  0  0  0  0  1  0  
第156个解
0  0  0  0  1  0  0  0  0  
0  1  0  0  0  0  0  0  0  
0  0  0  0  0  1  0  0  0  
0  0  0  0  0  0  0  0  1  
0  0  1  0  0  0  0  0  0  
0  0  0  0  0  0  0  1  0  
0  0  0  1  0  0  0  0  0  
0  0  0  0  0  0  1  0  0  
1  0  0  0  0  0  0  0  0  
第157个解
0  0  0  0  1  0  0  0  0  
0  1  0  0  0  0  0  0  0  
0  0  0  0  0  1  0  0  0  
0  0  0  0  0  0  0  0  1  
0  0  0  0  0  0  1  0  0  
0  0  0  1  0  0  0  0  0  
1  0  0  0  0  0  0  0  0  
0  0  1  0  0  0  0  0  0  
0  0  0  0  0  0  0  1  0  
第158个解
0  0  0  0  1  0  0  0  0  
0  1  0  0  0  0  0  0  0  
0  0  0  0  0  0  0  1  0  
1  0  0  0  0  0  0  0  0  
0  0  0  1  0  0  0  0  0  
0  0  0  0  0  0  1  0  0  
0  0  0  0  0  0  0  0  1  
0  0  0  0  0  1  0  0  0  
0  0  1  0  0  0  0  0  0  
第159个解
0  0  0  0  1  0  0  0  0  
0  1  0  0  0  0  0  0  0  
0  0  0  0  0  0  0  1  0  
1  0  0  0  0  0  0  0  0  
0  0  0  0  0  0  1  0  0  
0  0  0  0  0  0  0  0  1  
0  0  1  0  0  0  0  0  0  
0  0  0  0  0  1  0  0  0  
0  0  0  1  0  0  0  0  0  
第160个解
0  0  0  0  1  0  0  0  0  
0  1  0  0  0  0  0  0  0  
0  0  0  0  0  0  0  1  0  
0  0  1  0  0  0  0  0  0  
0  0  0  0  0  0  1  0  0  
0  0  0  1  0  0  0  0  0  
1  0  0  0  0  0  0  0  0  
0  0  0  0  0  0  0  0  1  
0  0  0  0  0  1  0  0  0  
第161个解
0  0  0  0  1  0  0  0  0  
0  1  0  0  0  0  0  0  0  
0  0  0  0  0  0  0  1  0  
0  0  1  0  0  0  0  0  0  
0  0  0  0  0  0  1  0  0  
0  0  0  0  0  0  0  0  1  
1  0  0  0  0  0  0  0  0  
0  0  0  0  0  1  0  0  0  
0  0  0  1  0  0  0  0  0  
第162个解
0  0  0  0  1  0  0  0  0  
0  1  0  0  0  0  0  0  0  
0  0  0  0  0  0  0  0  1  
1  0  0  0  0  0  0  0  0  
0  0  0  0  0  1  0  0  0  
0  0  0  0  0  0  0  1  0  
0  0  1  0  0  0  0  0  0  
0  0  0  0  0  0  1  0  0  
0  0  0  1  0  0  0  0  0  
第163个解
0  0  0  0  1  0  0  0  0  
0  1  0  0  0  0  0  0  0  
0  0  0  0  0  0  0  0  1  
0  0  0  0  0  1  0  0  0  
0  0  1  0  0  0  0  0  0  
0  0  0  0  0  0  1  0  0  
0  0  0  1  0  0  0  0  0  
1  0  0  0  0  0  0  0  0  
0  0  0  0  0  0  0  1  0  
第164个解
0  0  0  0  1  0  0  0  0  
0  0  1  0  0  0  0  0  0  
1  0  0  0  0  0  0  0  0  
0  0  0  0  0  1  0  0  0  
0  1  0  0  0  0  0  0  0  
0  0  0  0  0  0  0  0  1  
0  0  0  0  0  0  1  0  0  
0  0  0  1  0  0  0  0  0  
0  0  0  0  0  0  0  1  0  
第165个解
0  0  0  0  1  0  0  0  0  
0  0  1  0  0  0  0  0  0  
1  0  0  0  0  0  0  0  0  
0  0  0  0  0  1  0  0  0  
0  0  0  0  0  0  0  1  0  
0  1  0  0  0  0  0  0  0  
0  0  0  1  0  0  0  0  0  
0  0  0  0  0  0  1  0  0  
0  0  0  0  0  0  0  0  1  
第166个解
0  0  0  0  1  0  0  0  0  
0  0  1  0  0  0  0  0  0  
1  0  0  0  0  0  0  0  0  
0  0  0  0  0  0  1  0  0  
0  1  0  0  0  0  0  0  0  
0  0  0  0  0  0  0  1  0  
0  0  0  0  0  1  0  0  0  
0  0  0  1  0  0  0  0  0  
0  0  0  0  0  0  0  0  1  
第167个解
0  0  0  0  1  0  0  0  0  
0  0  1  0  0  0  0  0  0  
0  0  0  0  0  1  0  0  0  
0  0  0  0  0  0  0  0  1  
0  1  0  0  0  0  0  0  0  
0  0  0  0  0  0  0  1  0  
1  0  0  0  0  0  0  0  0  
0  0  0  1  0  0  0  0  0  
0  0  0  0  0  0  1  0  0  
第168个解
0  0  0  0  1  0  0  0  0  
0  0  1  0  0  0  0  0  0  
0  0  0  0  0  1  0  0  0  
0  0  0  0  0  0  0  0  1  
0  0  0  0  0  0  1  0  0  
1  0  0  0  0  0  0  0  0  
0  0  0  1  0  0  0  0  0  
0  1  0  0  0  0  0  0  0  
0  0  0  0  0  0  0  1  0  
第169个解
0  0  0  0  1  0  0  0  0  
0  0  1  0  0  0  0  0  0  
0  0  0  0  0  1  0  0  0  
0  0  0  0  0  0  0  0  1  
0  0  0  0  0  0  1  0  0  
0  1  0  0  0  0  0  0  0  
0  0  0  1  0  0  0  0  0  
0  0  0  0  0  0  0  1  0  
1  0  0  0  0  0  0  0  0  
第170个解
0  0  0  0  1  0  0  0  0  
0  0  1  0  0  0  0  0  0  
0  0  0  0  0  1  0  0  0  
0  0  0  0  0  0  0  0  1  
0  0  0  0  0  0  1  0  0  
0  0  0  1  0  0  0  0  0  
1  0  0  0  0  0  0  0  0  
0  0  0  0  0  0  0  1  0  
0  1  0  0  0  0  0  0  0  
第171个解
0  0  0  0  1  0  0  0  0  
0  0  1  0  0  0  0  0  0  
0  0  0  0  0  0  0  1  0  
0  0  0  1  0  0  0  0  0  
0  1  0  0  0  0  0  0  0  
0  0  0  0  0  0  0  0  1  
0  0  0  0  0  1  0  0  0  
1  0  0  0  0  0  0  0  0  
0  0  0  0  0  0  1  0  0  
第172个解
0  0  0  0  1  0  0  0  0  
0  0  1  0  0  0  0  0  0  
0  0  0  0  0  0  0  1  0  
0  0  0  1  0  0  0  0  0  
0  0  0  0  0  0  1  0  0  
0  0  0  0  0  0  0  0  1  
0  1  0  0  0  0  0  0  0  
0  0  0  0  0  1  0  0  0  
1  0  0  0  0  0  0  0  0  
第173个解
0  0  0  0  1  0  0  0  0  
0  0  1  0  0  0  0  0  0  
0  0  0  0  0  0  0  1  0  
0  0  0  0  0  1  0  0  0  
0  1  0  0  0  0  0  0  0  
0  0  0  0  0  0  0  0  1  
1  0  0  0  0  0  0  0  0  
0  0  0  1  0  0  0  0  0  
0  0  0  0  0  0  1  0  0  
第174个解
0  0  0  0  1  0  0  0  0  
0  0  1  0  0  0  0  0  0  
0  0  0  0  0  0  0  1  0  
0  0  0  0  0  1  0  0  0  
0  1  0  0  0  0  0  0  0  
0  0  0  0  0  0  0  0  1  
0  0  0  0  0  0  1  0  0  
1  0  0  0  0  0  0  0  0  
0  0  0  1  0  0  0  0  0  
第175个解
0  0  0  0  1  0  0  0  0  
0  0  1  0  0  0  0  0  0  
0  0  0  0  0  0  0  0  1  
0  0  0  1  0  0  0  0  0  
0  1  0  0  0  0  0  0  0  
0  0  0  0  0  0  0  1  0  
0  0  0  0  0  1  0  0  0  
1  0  0  0  0  0  0  0  0  
0  0  0  0  0  0  1  0  0  
第176个解
0  0  0  0  1  0  0  0  0  
0  0  1  0  0  0  0  0  0  
0  0  0  0  0  0  0  0  1  
0  0  0  0  0  1  0  0  0  
0  0  0  0  0  0  0  1  0  
0  1  0  0  0  0  0  0  0  
0  0  0  1  0  0  0  0  0  
1  0  0  0  0  0  0  0  0  
0  0  0  0  0  0  1  0  0  
第177个解
0  0  0  0  1  0  0  0  0  
0  0  0  0  0  0  1  0  0  
1  0  0  0  0  0  0  0  0  
0  0  0  1  0  0  0  0  0  
0  1  0  0  0  0  0  0  0  
0  0  0  0  0  0  0  1  0  
0  0  0  0  0  1  0  0  0  
0  0  0  0  0  0  0  0  1  
0  0  1  0  0  0  0  0  0  
第178个解
0  0  0  0  1  0  0  0  0  
0  0  0  0  0  0  1  0  0  
1  0  0  0  0  0  0  0  0  
0  0  0  0  0  1  0  0  0  
0  0  0  0  0  0  0  1  0  
0  1  0  0  0  0  0  0  0  
0  0  0  1  0  0  0  0  0  
0  0  0  0  0  0  0  0  1  
0  0  1  0  0  0  0  0  0  
第179个解
0  0  0  0  1  0  0  0  0  
0  0  0  0  0  0  1  0  0  
0  1  0  0  0  0  0  0  0  
0  0  0  1  0  0  0  0  0  
0  0  0  0  0  0  0  1  0  
1  0  0  0  0  0  0  0  0  
0  0  1  0  0  0  0  0  0  
0  0  0  0  0  0  0  0  1  
0  0  0  0  0  1  0  0  0  
第180个解
0  0  0  0  1  0  0  0  0  
0  0  0  0  0  0  1  0  0  
0  1  0  0  0  0  0  0  0  
0  0  0  1  0  0  0  0  0  
0  0  0  0  0  0  0  1  0  
1  0  0  0  0  0  0  0  0  
0  0  0  0  0  0  0  0  1  
0  0  0  0  0  1  0  0  0  
0  0  1  0  0  0  0  0  0  
第181个解
0  0  0  0  1  0  0  0  0  
0  0  0  0  0  0  1  0  0  
0  1  0  0  0  0  0  0  0  
0  0  0  0  0  1  0  0  0  
0  0  1  0  0  0  0  0  0  
1  0  0  0  0  0  0  0  0  
0  0  0  0  0  0  0  1  0  
0  0  0  1  0  0  0  0  0  
0  0  0  0  0  0  0  0  1  
第182个解
0  0  0  0  1  0  0  0  0  
0  0  0  0  0  0  1  0  0  
0  1  0  0  0  0  0  0  0  
0  0  0  0  0  1  0  0  0  
0  0  0  0  0  0  0  1  0  
1  0  0  0  0  0  0  0  0  
0  0  0  1  0  0  0  0  0  
0  0  0  0  0  0  0  0  1  
0  0  1  0  0  0  0  0  0  
第183个解
0  0  0  0  1  0  0  0  0  
0  0  0  0  0  0  1  0  0  
0  0  0  1  0  0  0  0  0  
1  0  0  0  0  0  0  0  0  
0  0  1  0  0  0  0  0  0  
0  0  0  0  0  1  0  0  0  
0  0  0  0  0  0  0  0  1  
0  1  0  0  0  0  0  0  0  
0  0  0  0  0  0  0  1  0  
第184个解
0  0  0  0  1  0  0  0  0  
0  0  0  0  0  0  1  0  0  
0  0  0  1  0  0  0  0  0  
1  0  0  0  0  0  0  0  0  
0  0  1  0  0  0  0  0  0  
0  0  0  0  0  0  0  1  0  
0  0  0  0  0  1  0  0  0  
0  1  0  0  0  0  0  0  0  
0  0  0  0  0  0  0  0  1  
第185个解
0  0  0  0  1  0  0  0  0  
0  0  0  0  0  0  1  0  0  
0  0  0  1  0  0  0  0  0  
1  0  0  0  0  0  0  0  0  
0  0  1  0  0  0  0  0  0  
0  0  0  0  0  0  0  0  1  
0  0  0  0  0  1  0  0  0  
0  0  0  0  0  0  0  1  0  
0  1  0  0  0  0  0  0  0  
第186个解
0  0  0  0  1  0  0  0  0  
0  0  0  0  0  0  1  0  0  
0  0  0  1  0  0  0  0  0  
1  0  0  0  0  0  0  0  0  
0  0  0  0  0  0  0  1  0  
0  1  0  0  0  0  0  0  0  
0  0  0  0  0  0  0  0  1  
0  0  0  0  0  1  0  0  0  
0  0  1  0  0  0  0  0  0  
第187个解
0  0  0  0  1  0  0  0  0  
0  0  0  0  0  0  1  0  0  
0  0  0  0  0  0  0  0  1  
0  0  1  0  0  0  0  0  0  
0  0  0  0  0  0  0  1  0  
0  1  0  0  0  0  0  0  0  
0  0  0  1  0  0  0  0  0  
0  0  0  0  0  1  0  0  0  
1  0  0  0  0  0  0  0  0  
第188个解
0  0  0  0  1  0  0  0  0  
0  0  0  0  0  0  1  0  0  
0  0  0  0  0  0  0  0  1  
0  0  0  1  0  0  0  0  0  
0  1  0  0  0  0  0  0  0  
0  0  0  0  0  0  0  1  0  
0  0  0  0  0  1  0  0  0  
0  0  1  0  0  0  0  0  0  
1  0  0  0  0  0  0  0  0  
第189个解
0  0  0  0  1  0  0  0  0  
0  0  0  0  0  0  1  0  0  
0  0  0  0  0  0  0  0  1  
0  0  0  1  0  0  0  0  0  
0  0  0  0  0  0  0  1  0  
1  0  0  0  0  0  0  0  0  
0  0  1  0  0  0  0  0  0  
0  0  0  0  0  1  0  0  0  
0  1  0  0  0  0  0  0  0  
第190个解
0  0  0  0  1  0  0  0  0  
0  0  0  0  0  0  0  1  0  
1  0  0  0  0  0  0  0  0  
0  0  0  1  0  0  0  0  0  
0  0  0  0  0  0  1  0  0  
0  0  1  0  0  0  0  0  0  
0  0  0  0  0  1  0  0  0  
0  0  0  0  0  0  0  0  1  
0  1  0  0  0  0  0  0  0  
第191个解
0  0  0  0  1  0  0  0  0  
0  0  0  0  0  0  0  1  0  
1  0  0  0  0  0  0  0  0  
0  0  0  0  0  0  0  0  1  
0  0  0  1  0  0  0  0  0  
0  1  0  0  0  0  0  0  0  
0  0  0  0  0  0  1  0  0  
0  0  1  0  0  0  0  0  0  
0  0  0  0  0  1  0  0  0  
第192个解
0  0  0  0  1  0  0  0  0  
0  0  0  0  0  0  0  1  0  
0  1  0  0  0  0  0  0  0  
0  0  0  0  0  0  1  0  0  
0  0  1  0  0  0  0  0  0  
1  0  0  0  0  0  0  0  0  
0  0  0  0  0  0  0  0  1  
0  0  0  1  0  0  0  0  0  
0  0  0  0  0  1  0  0  0  
第193个解
0  0  0  0  1  0  0  0  0  
0  0  0  0  0  0  0  1  0  
0  1  0  0  0  0  0  0  0  
0  0  0  0  0  0  1  0  0  
0  0  1  0  0  0  0  0  0  
0  0  0  0  0  1  0  0  0  
0  0  0  0  0  0  0  0  1  
1  0  0  0  0  0  0  0  0  
0  0  0  1  0  0  0  0  0  
第194个解
0  0  0  0  1  0  0  0  0  
0  0  0  0  0  0  0  1  0  
0  1  0  0  0  0  0  0  0  
0  0  0  0  0  0  0  0  1  
0  0  1  0  0  0  0  0  0  
1  0  0  0  0  0  0  0  0  
0  0  0  0  0  0  1  0  0  
0  0  0  1  0  0  0  0  0  
0  0  0  0  0  1  0  0  0  
第195个解
0  0  0  0  1  0  0  0  0  
0  0  0  0  0  0  0  1  0  
0  1  0  0  0  0  0  0  0  
0  0  0  0  0  0  0  0  1  
0  0  0  0  0  1  0  0  0  
0  0  1  0  0  0  0  0  0  
1  0  0  0  0  0  0  0  0  
0  0  0  1  0  0  0  0  0  
0  0  0  0  0  0  1  0  0  
第196个解
0  0  0  0  1  0  0  0  0  
0  0  0  0  0  0  0  1  0  
0  0  0  1  0  0  0  0  0  
1  0  0  0  0  0  0  0  0  
0  0  1  0  0  0  0  0  0  
0  0  0  0  0  1  0  0  0  
0  0  0  0  0  0  0  0  1  
0  0  0  0  0  0  1  0  0  
0  1  0  0  0  0  0  0  0  
第197个解
0  0  0  0  1  0  0  0  0  
0  0  0  0  0  0  0  1  0  
0  0  0  1  0  0  0  0  0  
1  0  0  0  0  0  0  0  0  
0  0  0  0  0  0  1  0  0  
0  1  0  0  0  0  0  0  0  
0  0  0  0  0  1  0  0  0  
0  0  1  0  0  0  0  0  0  
0  0  0  0  0  0  0  0  1  
第198个解
0  0  0  0  1  0  0  0  0  
0  0  0  0  0  0  0  1  0  
0  0  0  1  0  0  0  0  0  
0  0  0  0  0  0  0  0  1  
0  0  0  0  0  0  1  0  0  
0  0  1  0  0  0  0  0  0  
1  0  0  0  0  0  0  0  0  
0  0  0  0  0  1  0  0  0  
0  1  0  0  0  0  0  0  0  
第199个解
0  0  0  0  1  0  0  0  0  
0  0  0  0  0  0  0  1  0  
0  0  0  0  0  1  0  0  0  
1  0  0  0  0  0  0  0  0  
0  0  1  0  0  0  0  0  0  
0  0  0  0  0  0  1  0  0  
0  0  0  0  0  0  0  0  1  
0  0  0  1  0  0  0  0  0  
0  1  0  0  0  0  0  0  0  
第200个解
0  0  0  0  1  0  0  0  0  
0  0  0  0  0  0  0  1  0  
0  0  0  0  0  1  0  0  0  
0  0  0  0  0  0  0  0  1  
0  0  1  0  0  0  0  0  0  
1  0  0  0  0  0  0  0  0  
0  0  0  0  0  0  1  0  0  
0  0  0  1  0  0  0  0  0  
0  1  0  0  0  0  0  0  0  
第201个解
0  0  0  0  1  0  0  0  0  
0  0  0  0  0  0  0  0  1  
0  1  0  0  0  0  0  0  0  
0  0  0  1  0  0  0  0  0  
0  0  0  0  0  0  1  0  0  
0  0  1  0  0  0  0  0  0  
0  0  0  0  0  0  0  1  0  
0  0  0  0  0  1  0  0  0  
1  0  0  0  0  0  0  0  0  
第202个解
0  0  0  0  1  0  0  0  0  
0  0  0  0  0  0  0  0  1  
0  1  0  0  0  0  0  0  0  
0  0  0  0  0  1  0  0  0  
0  0  0  0  0  0  0  1  0  
0  0  1  0  0  0  0  0  0  
1  0  0  0  0  0  0  0  0  
0  0  0  1  0  0  0  0  0  
0  0  0  0  0  0  1  0  0  
第203个解
0  0  0  0  1  0  0  0  0  
0  0  0  0  0  0  0  0  1  
0  0  0  1  0  0  0  0  0  
0  0  0  0  0  1  0  0  0  
0  0  0  0  0  0  0  1  0  
0  1  0  0  0  0  0  0  0  
0  0  0  0  0  0  1  0  0  
1  0  0  0  0  0  0  0  0  
0  0  1  0  0  0  0  0  0  
第204个解
0  0  0  0  0  1  0  0  0  
1  0  0  0  0  0  0  0  0  
0  0  0  0  1  0  0  0  0  
0  1  0  0  0  0  0  0  0  
0  0  0  0  0  0  0  0  1  
0  0  0  0  0  0  1  0  0  
0  0  0  1  0  0  0  0  0  
0  0  0  0  0  0  0  1  0  
0  0  1  0  0  0  0  0  0  
第205个解
0  0  0  0  0  1  0  0  0  
1  0  0  0  0  0  0  0  0  
0  0  0  0  1  0  0  0  0  
0  0  0  0  0  0  1  0  0  
0  0  0  0  0  0  0  0  1  
0  0  1  0  0  0  0  0  0  
0  0  0  0  0  0  0  1  0  
0  1  0  0  0  0  0  0  0  
0  0  0  1  0  0  0  0  0  
第206个解
0  0  0  0  0  1  0  0  0  
1  0  0  0  0  0  0  0  0  
0  0  0  0  1  0  0  0  0  
0  0  0  0  0  0  1  0  0  
0  0  0  0  0  0  0  0  1  
0  0  0  1  0  0  0  0  0  
0  1  0  0  0  0  0  0  0  
0  0  0  0  0  0  0  1  0  
0  0  1  0  0  0  0  0  0  
第207个解
0  0  0  0  0  1  0  0  0  
1  0  0  0  0  0  0  0  0  
0  0  0  0  0  0  1  0  0  
0  0  0  1  0  0  0  0  0  
0  0  0  0  0  0  0  1  0  
0  0  1  0  0  0  0  0  0  
0  0  0  0  1  0  0  0  0  
0  0  0  0  0  0  0  0  1  
0  1  0  0  0  0  0  0  0  
第208个解
0  0  0  0  0  1  0  0  0  
0  1  0  0  0  0  0  0  0  
0  0  0  0  1  0  0  0  0  
0  0  0  0  0  0  1  0  0  
0  0  0  0  0  0  0  0  1  
0  0  1  0  0  0  0  0  0  
0  0  0  0  0  0  0  1  0  
0  0  0  1  0  0  0  0  0  
1  0  0  0  0  0  0  0  0  
第209个解
0  0  0  0  0  1  0  0  0  
0  1  0  0  0  0  0  0  0  
0  0  0  0  1  0  0  0  0  
0  0  0  0  0  0  1  0  0  
0  0  0  0  0  0  0  0  1  
0  0  0  1  0  0  0  0  0  
0  0  0  0  0  0  0  1  0  
1  0  0  0  0  0  0  0  0  
0  0  1  0  0  0  0  0  0  
第210个解
0  0  0  0  0  1  0  0  0  
0  1  0  0  0  0  0  0  0  
0  0  0  0  0  0  0  0  1  
0  0  0  0  1  0  0  0  0  
0  0  1  0  0  0  0  0  0  
0  0  0  0  0  0  0  1  0  
0  0  0  1  0  0  0  0  0  
0  0  0  0  0  0  1  0  0  
1  0  0  0  0  0  0  0  0  
第211个解
0  0  0  0  0  1  0  0  0  
0  0  1  0  0  0  0  0  0  
1  0  0  0  0  0  0  0  0  
0  0  0  1  0  0  0  0  0  
0  0  0  0  0  0  1  0  0  
0  0  0  0  0  0  0  0  1  
0  1  0  0  0  0  0  0  0  
0  0  0  0  1  0  0  0  0  
0  0  0  0  0  0  0  1  0  
第212个解
0  0  0  0  0  1  0  0  0  
0  0  1  0  0  0  0  0  0  
1  0  0  0  0  0  0  0  0  
0  0  0  0  0  0  0  1  0  
0  0  0  1  0  0  0  0  0  
0  0  0  0  0  0  0  0  1  
0  0  0  0  0  0  1  0  0  
0  0  0  0  1  0  0  0  0  
0  1  0  0  0  0  0  0  0  
第213个解
0  0  0  0  0  1  0  0  0  
0  0  1  0  0  0  0  0  0  
1  0  0  0  0  0  0  0  0  
0  0  0  0  0  0  0  1  0  
0  0  0  0  1  0  0  0  0  
0  1  0  0  0  0  0  0  0  
0  0  0  0  0  0  0  0  1  
0  0  0  0  0  0  1  0  0  
0  0  0  1  0  0  0  0  0  
第214个解
0  0  0  0  0  1  0  0  0  
0  0  1  0  0  0  0  0  0  
0  0  0  0  1  0  0  0  0  
0  0  0  0  0  0  0  1  0  
1  0  0  0  0  0  0  0  0  
0  0  0  1  0  0  0  0  0  
0  1  0  0  0  0  0  0  0  
0  0  0  0  0  0  1  0  0  
0  0  0  0  0  0  0  0  1  
第215个解
0  0  0  0  0  1  0  0  0  
0  0  1  0  0  0  0  0  0  
0  0  0  0  1  0  0  0  0  
0  0  0  0  0  0  0  1  0  
1  0  0  0  0  0  0  0  0  
0  0  0  0  0  0  0  0  1  
0  0  0  1  0  0  0  0  0  
0  1  0  0  0  0  0  0  0  
0  0  0  0  0  0  1  0  0  
第216个解
0  0  0  0  0  1  0  0  0  
0  0  1  0  0  0  0  0  0  
0  0  0  0  1  0  0  0  0  
0  0  0  0  0  0  0  1  0  
1  0  0  0  0  0  0  0  0  
0  0  0  0  0  0  0  0  1  
0  0  0  0  0  0  1  0  0  
0  1  0  0  0  0  0  0  0  
0  0  0  1  0  0  0  0  0  
第217个解
0  0  0  0  0  1  0  0  0  
0  0  1  0  0  0  0  0  0  
0  0  0  0  0  0  1  0  0  
0  1  0  0  0  0  0  0  0  
0  0  0  1  0  0  0  0  0  
0  0  0  0  0  0  0  1  0  
1  0  0  0  0  0  0  0  0  
0  0  0  0  1  0  0  0  0  
0  0  0  0  0  0  0  0  1  
第218个解
0  0  0  0  0  1  0  0  0  
0  0  1  0  0  0  0  0  0  
0  0  0  0  0  0  1  0  0  
0  1  0  0  0  0  0  0  0  
0  0  0  1  0  0  0  0  0  
0  0  0  0  0  0  0  0  1  
1  0  0  0  0  0  0  0  0  
0  0  0  0  0  0  0  1  0  
0  0  0  0  1  0  0  0  0  
第219个解
0  0  0  0  0  1  0  0  0  
0  0  1  0  0  0  0  0  0  
0  0  0  0  0  0  1  0  0  
0  1  0  0  0  0  0  0  0  
0  0  0  0  0  0  0  1  0  
0  0  0  0  1  0  0  0  0  
1  0  0  0  0  0  0  0  0  
0  0  0  1  0  0  0  0  0  
0  0  0  0  0  0  0  0  1  
第220个解
0  0  0  0  0  1  0  0  0  
0  0  1  0  0  0  0  0  0  
0  0  0  0  0  0  1  0  0  
0  0  0  1  0  0  0  0  0  
1  0  0  0  0  0  0  0  0  
0  0  0  0  0  0  0  0  1  
0  1  0  0  0  0  0  0  0  
0  0  0  0  1  0  0  0  0  
0  0  0  0  0  0  0  1  0  
第221个解
0  0  0  0  0  1  0  0  0  
0  0  1  0  0  0  0  0  0  
0  0  0  0  0  0  0  0  1  
0  1  0  0  0  0  0  0  0  
0  0  0  0  1  0  0  0  0  
0  0  0  0  0  0  0  1  0  
1  0  0  0  0  0  0  0  0  
0  0  0  0  0  0  1  0  0  
0  0  0  1  0  0  0  0  0  
第222个解
0  0  0  0  0  1  0  0  0  
0  0  1  0  0  0  0  0  0  
0  0  0  0  0  0  0  0  1  
0  0  0  1  0  0  0  0  0  
1  0  0  0  0  0  0  0  0  
0  0  0  0  0  0  0  1  0  
0  1  0  0  0  0  0  0  0  
0  0  0  0  1  0  0  0  0  
0  0  0  0  0  0  1  0  0  
第223个解
0  0  0  0  0  1  0  0  0  
0  0  1  0  0  0  0  0  0  
0  0  0  0  0  0  0  0  1  
0  0  0  0  0  0  1  0  0  
1  0  0  0  0  0  0  0  0  
0  0  0  1  0  0  0  0  0  
0  1  0  0  0  0  0  0  0  
0  0  0  0  1  0  0  0  0  
0  0  0  0  0  0  0  1  0  
第224个解
0  0  0  0  0  1  0  0  0  
0  0  0  1  0  0  0  0  0  
1  0  0  0  0  0  0  0  0  
0  0  0  0  0  0  1  0  0  
0  0  0  0  0  0  0  0  1  
0  1  0  0  0  0  0  0  0  
0  0  0  0  0  0  0  1  0  
0  0  0  0  1  0  0  0  0  
0  0  1  0  0  0  0  0  0  
第225个解
0  0  0  0  0  1  0  0  0  
0  0  0  1  0  0  0  0  0  
0  1  0  0  0  0  0  0  0  
0  0  0  0  0  0  1  0  0  
0  0  0  0  0  0  0  0  1  
0  0  1  0  0  0  0  0  0  
0  0  0  0  1  0  0  0  0  
0  0  0  0  0  0  0  1  0  
1  0  0  0  0  0  0  0  0  
第226个解
0  0  0  0  0  1  0  0  0  
0  0  0  1  0  0  0  0  0  
0  1  0  0  0  0  0  0  0  
0  0  0  0  0  0  0  1  0  
0  0  1  0  0  0  0  0  0  
0  0  0  0  0  0  0  0  1  
0  0  0  0  0  0  1  0  0  
0  0  0  0  1  0  0  0  0  
1  0  0  0  0  0  0  0  0  
第227个解
0  0  0  0  0  1  0  0  0  
0  0  0  1  0  0  0  0  0  
0  1  0  0  0  0  0  0  0  
0  0  0  0  0  0  0  1  0  
0  0  0  0  1  0  0  0  0  
0  0  1  0  0  0  0  0  0  
1  0  0  0  0  0  0  0  0  
0  0  0  0  0  0  0  0  1  
0  0  0  0  0  0  1  0  0  
第228个解
0  0  0  0  0  1  0  0  0  
0  0  0  1  0  0  0  0  0  
0  1  0  0  0  0  0  0  0  
0  0  0  0  0  0  0  1  0  
0  0  0  0  1  0  0  0  0  
0  0  0  0  0  0  0  0  1  
1  0  0  0  0  0  0  0  0  
0  0  1  0  0  0  0  0  0  
0  0  0  0  0  0  1  0  0  
第229个解
0  0  0  0  0  1  0  0  0  
0  0  0  1  0  0  0  0  0  
0  0  0  0  0  0  1  0  0  
1  0  0  0  0  0  0  0  0  
0  0  1  0  0  0  0  0  0  
0  0  0  0  0  0  0  0  1  
0  1  0  0  0  0  0  0  0  
0  0  0  0  0  0  0  1  0  
0  0  0  0  1  0  0  0  0  
第230个解
0  0  0  0  0  1  0  0  0  
0  0  0  1  0  0  0  0  0  
0  0  0  0  0  0  1  0  0  
1  0  0  0  0  0  0  0  0  
0  0  0  0  0  0  0  1  0  
0  1  0  0  0  0  0  0  0  
0  0  0  0  1  0  0  0  0  
0  0  1  0  0  0  0  0  0  
0  0  0  0  0  0  0  0  1  
第231个解
0  0  0  0  0  1  0  0  0  
0  0  0  1  0  0  0  0  0  
0  0  0  0  0  0  1  0  0  
1  0  0  0  0  0  0  0  0  
0  0  0  0  0  0  0  1  0  
0  0  0  0  1  0  0  0  0  
0  1  0  0  0  0  0  0  0  
0  0  0  0  0  0  0  0  1  
0  0  1  0  0  0  0  0  0  
第232个解
0  0  0  0  0  1  0  0  0  
0  0  0  1  0  0  0  0  0  
0  0  0  0  0  0  0  0  1  
1  0  0  0  0  0  0  0  0  
0  0  1  0  0  0  0  0  0  
0  0  0  0  0  0  1  0  0  
0  1  0  0  0  0  0  0  0  
0  0  0  0  0  0  0  1  0  
0  0  0  0  1  0  0  0  0  
第233个解
0  0  0  0  0  1  0  0  0  
0  0  0  1  0  0  0  0  0  
0  0  0  0  0  0  0  0  1  
1  0  0  0  0  0  0  0  0  
0  0  0  0  1  0  0  0  0  
0  1  0  0  0  0  0  0  0  
0  0  0  0  0  0  0  1  0  
0  0  1  0  0  0  0  0  0  
0  0  0  0  0  0  1  0  0  
第234个解
0  0  0  0  0  1  0  0  0  
0  0  0  1  0  0  0  0  0  
0  0  0  0  0  0  0  0  1  
0  0  0  0  1  0  0  0  0  
0  0  0  0  0  0  0  1  0  
0  1  0  0  0  0  0  0  0  
0  0  0  0  0  0  1  0  0  
0  0  1  0  0  0  0  0  0  
1  0  0  0  0  0  0  0  0  
第235个解
0  0  0  0  0  1  0  0  0  
0  0  0  0  0  0  0  1  0  
1  0  0  0  0  0  0  0  0  
0  0  0  0  1  0  0  0  0  
0  0  0  0  0  0  0  0  1  
0  1  0  0  0  0  0  0  0  
0  0  0  1  0  0  0  0  0  
0  0  0  0  0  0  1  0  0  
0  0  1  0  0  0  0  0  0  
第236个解
0  0  0  0  0  1  0  0  0  
0  0  0  0  0  0  0  1  0  
1  0  0  0  0  0  0  0  0  
0  0  0  0  0  0  1  0  0  
0  0  0  1  0  0  0  0  0  
0  1  0  0  0  0  0  0  0  
0  0  0  0  0  0  0  0  1  
0  0  0  0  1  0  0  0  0  
0  0  1  0  0  0  0  0  0  
第237个解
0  0  0  0  0  1  0  0  0  
0  0  0  0  0  0  0  1  0  
0  1  0  0  0  0  0  0  0  
0  0  0  0  0  0  1  0  0  
1  0  0  0  0  0  0  0  0  
0  0  1  0  0  0  0  0  0  
0  0  0  0  1  0  0  0  0  
0  0  0  0  0  0  0  0  1  
0  0  0  1  0  0  0  0  0  
第238个解
0  0  0  0  0  1  0  0  0  
0  0  0  0  0  0  0  1  0  
0  0  1  0  0  0  0  0  0  
1  0  0  0  0  0  0  0  0  
0  0  0  0  0  0  0  0  1  
0  1  0  0  0  0  0  0  0  
0  0  0  0  1  0  0  0  0  
0  0  0  0  0  0  1  0  0  
0  0  0  1  0  0  0  0  0  
第239个解
0  0  0  0  0  1  0  0  0  
0  0  0  0  0  0  0  1  0  
0  0  1  0  0  0  0  0  0  
1  0  0  0  0  0  0  0  0  
0  0  0  0  0  0  0  0  1  
0  0  0  0  1  0  0  0  0  
0  1  0  0  0  0  0  0  0  
0  0  0  1  0  0  0  0  0  
0  0  0  0  0  0  1  0  0  
第240个解
0  0  0  0  0  1  0  0  0  
0  0  0  0  0  0  0  1  0  
0  0  1  0  0  0  0  0  0  
0  0  0  0  0  0  1  0  0  
0  0  0  0  0  0  0  0  1  
0  1  0  0  0  0  0  0  0  
0  0  0  0  1  0  0  0  0  
1  0  0  0  0  0  0  0  0  
0  0  0  1  0  0  0  0  0  
第241个解
0  0  0  0  0  1  0  0  0  
0  0  0  0  0  0  0  1  0  
0  0  0  0  1  0  0  0  0  
0  1  0  0  0  0  0  0  0  
0  0  0  0  0  0  0  0  1  
0  0  0  0  0  0  1  0  0  
0  0  0  1  0  0  0  0  0  
1  0  0  0  0  0  0  0  0  
0  0  1  0  0  0  0  0  0  
第242个解
0  0  0  0  0  1  0  0  0  
0  0  0  0  0  0  0  0  1  
1  0  0  0  0  0  0  0  0  
0  0  0  1  0  0  0  0  0  
0  0  0  0  0  0  1  0  0  
0  0  1  0  0  0  0  0  0  
0  0  0  0  0  0  0  1  0  
0  1  0  0  0  0  0  0  0  
0  0  0  0  1  0  0  0  0  
第243个解
0  0  0  0  0  1  0  0  0  
0  0  0  0  0  0  0  0  1  
0  0  1  0  0  0  0  0  0  
1  0  0  0  0  0  0  0  0  
0  0  0  0  0  0  0  1  0  
0  0  0  1  0  0  0  0  0  
0  1  0  0  0  0  0  0  0  
0  0  0  0  0  0  1  0  0  
0  0  0  0  1  0  0  0  0  
第244个解
0  0  0  0  0  1  0  0  0  
0  0  0  0  0  0  0  0  1  
0  0  0  0  1  0  0  0  0  
1  0  0  0  0  0  0  0  0  
0  0  0  0  0  0  0  1  0  
0  0  0  1  0  0  0  0  0  
0  1  0  0  0  0  0  0  0  
0  0  0  0  0  0  1  0  0  
0  0  1  0  0  0  0  0  0  
第245个解
0  0  0  0  0  1  0  0  0  
0  0  0  0  0  0  0  0  1  
0  0  0  0  1  0  0  0  0  
0  1  0  0  0  0  0  0  0  
0  0  0  0  0  0  0  1  0  
0  0  1  0  0  0  0  0  0  
0  0  0  0  0  0  1  0  0  
0  0  0  1  0  0  0  0  0  
1  0  0  0  0  0  0  0  0  
第246个解
0  0  0  0  0  1  0  0  0  
0  0  0  0  0  0  0  0  1  
0  0  0  0  1  0  0  0  0  
0  0  0  0  0  0  0  1  0  
1  0  0  0  0  0  0  0  0  
0  0  1  0  0  0  0  0  0  
0  0  0  0  0  0  1  0  0  
0  1  0  0  0  0  0  0  0  
0  0  0  1  0  0  0  0  0  
第247个解
0  0  0  0  0  1  0  0  0  
0  0  0  0  0  0  0  0  1  
0  0  0  0  0  0  1  0  0  
0  0  0  1  0  0  0  0  0  
1  0  0  0  0  0  0  0  0  
0  0  0  0  0  0  0  1  0  
0  1  0  0  0  0  0  0  0  
0  0  0  0  1  0  0  0  0  
0  0  1  0  0  0  0  0  0  
第248个解
0  0  0  0  0  0  1  0  0  
1  0  0  0  0  0  0  0  0  
0  0  0  1  0  0  0  0  0  
0  1  0  0  0  0  0  0  0  
0  0  0  0  0  0  0  1  0  
0  0  0  0  0  1  0  0  0  
0  0  0  0  0  0  0  0  1  
0  0  1  0  0  0  0  0  0  
0  0  0  0  1  0  0  0  0  
第249个解
0  0  0  0  0  0  1  0  0  
1  0  0  0  0  0  0  0  0  
0  0  0  1  0  0  0  0  0  
0  0  0  0  0  1  0  0  0  
0  0  0  0  0  0  0  0  1  
0  0  1  0  0  0  0  0  0  
0  0  0  0  1  0  0  0  0  
0  0  0  0  0  0  0  1  0  
0  1  0  0  0  0  0  0  0  
第250个解
0  0  0  0  0  0  1  0  0  
1  0  0  0  0  0  0  0  0  
0  0  0  1  0  0  0  0  0  
0  0  0  0  0  0  0  1  0  
0  0  0  0  1  0  0  0  0  
0  0  1  0  0  0  0  0  0  
0  0  0  0  0  0  0  0  1  
0  0  0  0  0  1  0  0  0  
0  1  0  0  0  0  0  0  0  
第251个解
0  0  0  0  0  0  1  0  0  
1  0  0  0  0  0  0  0  0  
0  0  0  0  0  1  0  0  0  
0  1  0  0  0  0  0  0  0  
0  0  0  0  1  0  0  0  0  
0  0  0  0  0  0  0  1  0  
0  0  0  1  0  0  0  0  0  
0  0  0  0  0  0  0  0  1  
0  0  1  0  0  0  0  0  0  
第252个解
0  0  0  0  0  0  1  0  0  
1  0  0  0  0  0  0  0  0  
0  0  0  0  0  1  0  0  0  
0  0  0  0  0  0  0  1  0  
0  1  0  0  0  0  0  0  0  
0  0  0  1  0  0  0  0  0  
0  0  0  0  0  0  0  0  1  
0  0  1  0  0  0  0  0  0  
0  0  0  0  1  0  0  0  0  
第253个解
0  0  0  0  0  0  1  0  0  
1  0  0  0  0  0  0  0  0  
0  0  0  0  0  1  0  0  0  
0  0  0  0  0  0  0  0  1  
0  1  0  0  0  0  0  0  0  
0  0  0  1  0  0  0  0  0  
0  0  0  0  0  0  0  1  0  
0  0  1  0  0  0  0  0  0  
0  0  0  0  1  0  0  0  0  
第254个解
0  0  0  0  0  0  1  0  0  
1  0  0  0  0  0  0  0  0  
0  0  0  0  0  0  0  1  0  
0  0  0  0  1  0  0  0  0  
0  1  0  0  0  0  0  0  0  
0  0  0  0  0  0  0  0  1  
0  0  1  0  0  0  0  0  0  
0  0  0  0  0  1  0  0  0  
0  0  0  1  0  0  0  0  0  
第255个解
0  0  0  0  0  0  1  0  0  
0  1  0  0  0  0  0  0  0  
0  0  0  1  0  0  0  0  0  
1  0  0  0  0  0  0  0  0  
0  0  0  0  0  0  0  1  0  
0  0  0  0  1  0  0  0  0  
0  0  0  0  0  0  0  0  1  
0  0  0  0  0  1  0  0  0  
0  0  1  0  0  0  0  0  0  
第256个解
0  0  0  0  0  0  1  0  0  
0  1  0  0  0  0  0  0  0  
0  0  0  1  0  0  0  0  0  
0  0  0  0  0  1  0  0  0  
1  0  0  0  0  0  0  0  0  
0  0  0  0  0  0  0  0  1  
0  0  0  0  1  0  0  0  0  
0  0  1  0  0  0  0  0  0  
0  0  0  0  0  0  0  1  0  
第257个解
0  0  0  0  0  0  1  0  0  
0  1  0  0  0  0  0  0  0  
0  0  0  1  0  0  0  0  0  
0  0  0  0  0  0  0  0  1  
1  0  0  0  0  0  0  0  0  
0  0  0  0  0  0  0  1  0  
0  0  0  0  1  0  0  0  0  
0  0  1  0  0  0  0  0  0  
0  0  0  0  0  1  0  0  0  
第258个解
0  0  0  0  0  0  1  0  0  
0  1  0  0  0  0  0  0  0  
0  0  0  0  0  1  0  0  0  
0  0  1  0  0  0  0  0  0  
1  0  0  0  0  0  0  0  0  
0  0  0  0  0  0  0  1  0  
0  0  0  0  1  0  0  0  0  
0  0  0  0  0  0  0  0  1  
0  0  0  1  0  0  0  0  0  
第259个解
0  0  0  0  0  0  1  0  0  
0  1  0  0  0  0  0  0  0  
0  0  0  0  0  0  0  1  0  
0  0  0  0  0  1  0  0  0  
1  0  0  0  0  0  0  0  0  
0  0  1  0  0  0  0  0  0  
0  0  0  0  1  0  0  0  0  
0  0  0  0  0  0  0  0  1  
0  0  0  1  0  0  0  0  0  
第260个解
0  0  0  0  0  0  1  0  0  
0  0  1  0  0  0  0  0  0  
1  0  0  0  0  0  0  0  0  
0  0  0  0  0  1  0  0  0  
0  0  0  0  0  0  0  1  0  
0  0  0  0  1  0  0  0  0  
0  1  0  0  0  0  0  0  0  
0  0  0  1  0  0  0  0  0  
0  0  0  0  0  0  0  0  1  
第261个解
0  0  0  0  0  0  1  0  0  
0  0  1  0  0  0  0  0  0  
1  0  0  0  0  0  0  0  0  
0  0  0  0  0  0  0  0  1  
0  0  0  0  1  0  0  0  0  
0  0  0  0  0  0  0  1  0  
0  1  0  0  0  0  0  0  0  
0  0  0  1  0  0  0  0  0  
0  0  0  0  0  1  0  0  0  
第262个解
0  0  0  0  0  0  1  0  0  
0  0  1  0  0  0  0  0  0  
0  0  0  0  0  1  0  0  0  
0  1  0  0  0  0  0  0  0  
0  0  0  0  1  0  0  0  0  
1  0  0  0  0  0  0  0  0  
0  0  0  0  0  0  0  0  1  
0  0  0  1  0  0  0  0  0  
0  0  0  0  0  0  0  1  0  
第263个解
0  0  0  0  0  0  1  0  0  
0  0  1  0  0  0  0  0  0  
0  0  0  0  0  1  0  0  0  
0  0  0  0  0  0  0  1  0  
1  0  0  0  0  0  0  0  0  
0  0  0  1  0  0  0  0  0  
0  0  0  0  0  0  0  0  1  
0  0  0  0  1  0  0  0  0  
0  1  0  0  0  0  0  0  0  
第264个解
0  0  0  0  0  0  1  0  0  
0  0  1  0  0  0  0  0  0  
0  0  0  0  0  1  0  0  0  
0  0  0  0  0  0  0  1  0  
1  0  0  0  0  0  0  0  0  
0  0  0  0  1  0  0  0  0  
0  0  0  0  0  0  0  0  1  
0  1  0  0  0  0  0  0  0  
0  0  0  1  0  0  0  0  0  
第265个解
0  0  0  0  0  0  1  0  0  
0  0  1  0  0  0  0  0  0  
0  0  0  0  0  0  0  1  0  
0  1  0  0  0  0  0  0  0  
0  0  0  1  0  0  0  0  0  
0  0  0  0  0  1  0  0  0  
0  0  0  0  0  0  0  0  1  
0  0  0  0  1  0  0  0  0  
1  0  0  0  0  0  0  0  0  
第266个解
0  0  0  0  0  0  1  0  0  
0  0  1  0  0  0  0  0  0  
0  0  0  0  0  0  0  1  0  
0  1  0  0  0  0  0  0  0  
0  0  0  0  1  0  0  0  0  
1  0  0  0  0  0  0  0  0  
0  0  0  0  0  0  0  0  1  
0  0  0  1  0  0  0  0  0  
0  0  0  0  0  1  0  0  0  
第267个解
0  0  0  0  0  0  1  0  0  
0  0  1  0  0  0  0  0  0  
0  0  0  0  0  0  0  1  0  
0  0  0  0  0  1  0  0  0  
0  1  0  0  0  0  0  0  0  
0  0  0  0  0  0  0  0  1  
0  0  0  0  1  0  0  0  0  
1  0  0  0  0  0  0  0  0  
0  0  0  1  0  0  0  0  0  
第268个解
0  0  0  0  0  0  1  0  0  
0  0  0  1  0  0  0  0  0  
1  0  0  0  0  0  0  0  0  
0  0  1  0  0  0  0  0  0  
0  0  0  0  0  1  0  0  0  
0  0  0  0  0  0  0  0  1  
0  1  0  0  0  0  0  0  0  
0  0  0  0  0  0  0  1  0  
0  0  0  0  1  0  0  0  0  
第269个解
0  0  0  0  0  0  1  0  0  
0  0  0  1  0  0  0  0  0  
1  0  0  0  0  0  0  0  0  
0  0  1  0  0  0  0  0  0  
0  0  0  0  0  0  0  1  0  
0  0  0  0  0  1  0  0  0  
0  1  0  0  0  0  0  0  0  
0  0  0  0  0  0  0  0  1  
0  0  0  0  1  0  0  0  0  
第270个解
0  0  0  0  0  0  1  0  0  
0  0  0  1  0  0  0  0  0  
1  0  0  0  0  0  0  0  0  
0  0  1  0  0  0  0  0  0  
0  0  0  0  0  0  0  0  1  
0  0  0  0  0  1  0  0  0  
0  0  0  0  0  0  0  1  0  
0  0  0  0  1  0  0  0  0  
0  1  0  0  0  0  0  0  0  
第271个解
0  0  0  0  0  0  1  0  0  
0  0  0  1  0  0  0  0  0  
1  0  0  0  0  0  0  0  0  
0  0  0  0  1  0  0  0  0  
0  1  0  0  0  0  0  0  0  
0  0  0  0  0  0  0  0  1  
0  0  0  0  0  1  0  0  0  
0  0  0  0  0  0  0  1  0  
0  0  1  0  0  0  0  0  0  
第272个解
0  0  0  0  0  0  1  0  0  
0  0  0  1  0  0  0  0  0  
1  0  0  0  0  0  0  0  0  
0  0  0  0  0  0  0  1  0  
0  1  0  0  0  0  0  0  0  
0  0  0  0  0  0  0  0  1  
0  0  0  0  0  1  0  0  0  
0  0  1  0  0  0  0  0  0  
0  0  0  0  1  0  0  0  0  
第273个解
0  0  0  0  0  0  1  0  0  
0  0  0  1  0  0  0  0  0  
1  0  0  0  0  0  0  0  0  
0  0  0  0  0  0  0  1  0  
0  0  0  0  1  0  0  0  0  
0  0  1  0  0  0  0  0  0  
0  0  0  0  0  1  0  0  0  
0  0  0  0  0  0  0  0  1  
0  1  0  0  0  0  0  0  0  
第274个解
0  0  0  0  0  0  1  0  0  
0  0  0  1  0  0  0  0  0  
1  0  0  0  0  0  0  0  0  
0  0  0  0  0  0  0  0  1  
0  1  0  0  0  0  0  0  0  
0  0  0  0  0  1  0  0  0  
0  0  0  0  0  0  0  1  0  
0  0  1  0  0  0  0  0  0  
0  0  0  0  1  0  0  0  0  
第275个解
0  0  0  0  0  0  1  0  0  
0  0  0  1  0  0  0  0  0  
0  1  0  0  0  0  0  0  0  
0  0  0  0  1  0  0  0  0  
0  0  0  0  0  0  0  1  0  
1  0  0  0  0  0  0  0  0  
0  0  1  0  0  0  0  0  0  
0  0  0  0  0  1  0  0  0  
0  0  0  0  0  0  0  0  1  
第276个解
0  0  0  0  0  0  1  0  0  
0  0  0  1  0  0  0  0  0  
0  1  0  0  0  0  0  0  0  
0  0  0  0  1  0  0  0  0  
0  0  0  0  0  0  0  0  1  
1  0  0  0  0  0  0  0  0  
0  0  1  0  0  0  0  0  0  
0  0  0  0  0  0  0  1  0  
0  0  0  0  0  1  0  0  0  
第277个解
0  0  0  0  0  0  1  0  0  
0  0  0  1  0  0  0  0  0  
0  1  0  0  0  0  0  0  0  
0  0  0  0  0  0  0  1  0  
0  0  0  0  0  1  0  0  0  
1  0  0  0  0  0  0  0  0  
0  0  1  0  0  0  0  0  0  
0  0  0  0  1  0  0  0  0  
0  0  0  0  0  0  0  0  1  
第278个解
0  0  0  0  0  0  1  0  0  
0  0  0  1  0  0  0  0  0  
0  1  0  0  0  0  0  0  0  
0  0  0  0  0  0  0  0  1  
0  0  0  0  1  0  0  0  0  
1  0  0  0  0  0  0  0  0  
0  0  0  0  0  0  0  1  0  
0  0  0  0  0  1  0  0  0  
0  0  1  0  0  0  0  0  0  
第279个解
0  0  0  0  0  0  1  0  0  
0  0  0  1  0  0  0  0  0  
0  1  0  0  0  0  0  0  0  
0  0  0  0  0  0  0  0  1  
0  0  0  0  0  1  0  0  0  
0  0  1  0  0  0  0  0  0  
0  0  0  0  1  0  0  0  0  
0  0  0  0  0  0  0  1  0  
1  0  0  0  0  0  0  0  0  
第280个解
0  0  0  0  0  0  1  0  0  
0  0  0  1  0  0  0  0  0  
0  0  0  0  0  0  0  1  0  
1  0  0  0  0  0  0  0  0  
0  0  0  0  1  0  0  0  0  
0  0  0  0  0  0  0  0  1  
0  1  0  0  0  0  0  0  0  
0  0  0  0  0  1  0  0  0  
0  0  1  0  0  0  0  0  0  
第281个解
0  0  0  0  0  0  1  0  0  
0  0  0  1  0  0  0  0  0  
0  0  0  0  0  0  0  1  0  
0  0  1  0  0  0  0  0  0  
0  0  0  0  0  0  0  0  1  
0  0  0  0  0  1  0  0  0  
0  1  0  0  0  0  0  0  0  
0  0  0  0  1  0  0  0  0  
1  0  0  0  0  0  0  0  0  
第282个解
0  0  0  0  0  0  1  0  0  
0  0  0  0  1  0  0  0  0  
1  0  0  0  0  0  0  0  0  
0  0  0  0  0  1  0  0  0  
0  0  0  0  0  0  0  0  1  
0  0  1  0  0  0  0  0  0  
0  0  0  0  0  0  0  1  0  
0  0  0  1  0  0  0  0  0  
0  1  0  0  0  0  0  0  0  
第283个解
0  0  0  0  0  0  1  0  0  
0  0  0  0  1  0  0  0  0  
1  0  0  0  0  0  0  0  0  
0  0  0  0  0  0  0  1  0  
0  0  0  0  0  1  0  0  0  
0  0  1  0  0  0  0  0  0  
0  0  0  0  0  0  0  0  1  
0  1  0  0  0  0  0  0  0  
0  0  0  1  0  0  0  0  0  
第284个解
0  0  0  0  0  0  1  0  0  
0  0  0  0  1  0  0  0  0  
0  1  0  0  0  0  0  0  0  
0  0  0  0  0  0  0  1  0  
1  0  0  0  0  0  0  0  0  
0  0  1  0  0  0  0  0  0  
0  0  0  0  0  0  0  0  1  
0  0  0  0  0  1  0  0  0  
0  0  0  1  0  0  0  0  0  
第285个解
0  0  0  0  0  0  1  0  0  
0  0  0  0  1  0  0  0  0  
0  1  0  0  0  0  0  0  0  
0  0  0  0  0  0  0  1  0  
1  0  0  0  0  0  0  0  0  
0  0  0  1  0  0  0  0  0  
0  0  0  0  0  0  0  0  1  
0  0  1  0  0  0  0  0  0  
0  0  0  0  0  1  0  0  0  
第286个解
0  0  0  0  0  0  1  0  0  
0  0  0  0  1  0  0  0  0  
0  0  1  0  0  0  0  0  0  
0  0  0  0  0  0  0  0  1  
0  0  0  0  0  1  0  0  0  
0  0  0  0  0  0  0  1  0  
0  1  0  0  0  0  0  0  0  
0  0  0  1  0  0  0  0  0  
1  0  0  0  0  0  0  0  0  
第287个解
0  0  0  0  0  0  1  0  0  
0  0  0  0  1  0  0  0  0  
0  0  0  0  0  0  0  1  0  
0  1  0  0  0  0  0  0  0  
0  0  0  0  0  0  0  0  1  
0  0  1  0  0  0  0  0  0  
0  0  0  0  0  1  0  0  0  
0  0  0  1  0  0  0  0  0  
1  0  0  0  0  0  0  0  0  
第288个解
0  0  0  0  0  0  1  0  0  
0  0  0  0  1  0  0  0  0  
0  0  0  0  0  0  0  1  0  
0  1  0  0  0  0  0  0  0  
0  0  0  0  0  0  0  0  1  
0  0  0  0  0  1  0  0  0  
0  0  1  0  0  0  0  0  0  
1  0  0  0  0  0  0  0  0  
0  0  0  1  0  0  0  0  0  
第289个解
0  0  0  0  0  0  1  0  0  
0  0  0  0  0  0  0  0  1  
1  0  0  0  0  0  0  0  0  
0  0  1  0  0  0  0  0  0  
0  0  0  0  1  0  0  0  0  
0  0  0  0  0  0  0  1  0  
0  1  0  0  0  0  0  0  0  
0  0  0  1  0  0  0  0  0  
0  0  0  0  0  1  0  0  0  
第290个解
0  0  0  0  0  0  1  0  0  
0  0  0  0  0  0  0  0  1  
0  1  0  0  0  0  0  0  0  
0  0  0  0  0  1  0  0  0  
1  0  0  0  0  0  0  0  0  
0  0  1  0  0  0  0  0  0  
0  0  0  0  1  0  0  0  0  
0  0  0  0  0  0  0  1  0  
0  0  0  1  0  0  0  0  0  
第291个解
0  0  0  0  0  0  1  0  0  
0  0  0  0  0  0  0  0  1  
0  0  1  0  0  0  0  0  0  
0  0  0  0  1  0  0  0  0  
0  1  0  0  0  0  0  0  0  
0  0  0  0  0  0  0  1  0  
0  0  0  0  0  1  0  0  0  
0  0  0  1  0  0  0  0  0  
1  0  0  0  0  0  0  0  0  
第292个解
0  0  0  0  0  0  1  0  0  
0  0  0  0  0  0  0  0  1  
0  0  1  0  0  0  0  0  0  
0  0  0  0  0  0  0  1  0  
0  1  0  0  0  0  0  0  0  
0  0  0  1  0  0  0  0  0  
0  0  0  0  0  1  0  0  0  
1  0  0  0  0  0  0  0  0  
0  0  0  0  1  0  0  0  0  
第293个解
0  0  0  0  0  0  1  0  0  
0  0  0  0  0  0  0  0  1  
0  0  0  1  0  0  0  0  0  
0  1  0  0  0  0  0  0  0  
0  0  0  0  1  0  0  0  0  
0  0  0  0  0  0  0  1  0  
0  0  0  0  0  1  0  0  0  
1  0  0  0  0  0  0  0  0  
0  0  1  0  0  0  0  0  0  
第294个解
0  0  0  0  0  0  1  0  0  
0  0  0  0  0  0  0  0  1  
0  0  0  0  0  1  0  0  0  
0  0  1  0  0  0  0  0  0  
1  0  0  0  0  0  0  0  0  
0  0  0  0  0  0  0  1  0  
0  0  0  0  1  0  0  0  0  
0  1  0  0  0  0  0  0  0  
0  0  0  1  0  0  0  0  0  
第295个解
0  0  0  0  0  0  0  1  0  
1  0  0  0  0  0  0  0  0  
0  0  0  1  0  0  0  0  0  
0  0  0  0  0  1  0  0  0  
0  0  1  0  0  0  0  0  0  
0  0  0  0  0  0  0  0  1  
0  0  0  0  0  0  1  0  0  
0  0  0  0  1  0  0  0  0  
0  1  0  0  0  0  0  0  0  
第296个解
0  0  0  0  0  0  0  1  0  
1  0  0  0  0  0  0  0  0  
0  0  0  1  0  0  0  0  0  
0  0  0  0  0  0  1  0  0  
0  0  1  0  0  0  0  0  0  
0  0  0  0  0  1  0  0  0  
0  0  0  0  0  0  0  0  1  
0  1  0  0  0  0  0  0  0  
0  0  0  0  1  0  0  0  0  
第297个解
0  0  0  0  0  0  0  1  0  
1  0  0  0  0  0  0  0  0  
0  0  0  1  0  0  0  0  0  
0  0  0  0  0  0  1  0  0  
0  0  0  0  1  0  0  0  0  
0  1  0  0  0  0  0  0  0  
0  0  0  0  0  0  0  0  1  
0  0  0  0  0  1  0  0  0  
0  0  1  0  0  0  0  0  0  
第298个解
0  0  0  0  0  0  0  1  0  
1  0  0  0  0  0  0  0  0  
0  0  0  0  1  0  0  0  0  
0  0  0  0  0  0  1  0  0  
0  1  0  0  0  0  0  0  0  
0  0  0  0  0  1  0  0  0  
0  0  1  0  0  0  0  0  0  
0  0  0  0  0  0  0  0  1  
0  0  0  1  0  0  0  0  0  
第299个解
0  0  0  0  0  0  0  1  0  
0  1  0  0  0  0  0  0  0  
0  0  0  1  0  0  0  0  0  
1  0  0  0  0  0  0  0  0  
0  0  0  0  0  0  1  0  0  
0  0  0  0  0  0  0  0  1  
0  0  0  0  0  1  0  0  0  
0  0  1  0  0  0  0  0  0  
0  0  0  0  1  0  0  0  0  
第300个解
0  0  0  0  0  0  0  1  0  
0  1  0  0  0  0  0  0  0  
0  0  0  0  1  0  0  0  0  
0  0  0  0  0  0  1  0  0  
1  0  0  0  0  0  0  0  0  
0  0  0  1  0  0  0  0  0  
0  0  0  0  0  1  0  0  0  
0  0  0  0  0  0  0  0  1  
0  0  1  0  0  0  0  0  0  
第301个解
0  0  0  0  0  0  0  1  0  
0  1  0  0  0  0  0  0  0  
0  0  0  0  0  0  0  0  1  
0  0  0  0  0  1  0  0  0  
0  0  1  0  0  0  0  0  0  
1  0  0  0  0  0  0  0  0  
0  0  0  1  0  0  0  0  0  
0  0  0  0  0  0  1  0  0  
0  0  0  0  1  0  0  0  0  
第302个解
0  0  0  0  0  0  0  1  0  
0  0  1  0  0  0  0  0  0  
1  0  0  0  0  0  0  0  0  
0  0  0  1  0  0  0  0  0  
0  0  0  0  0  0  1  0  0  
0  0  0  0  0  0  0  0  1  
0  0  0  0  0  1  0  0  0  
0  1  0  0  0  0  0  0  0  
0  0  0  0  1  0  0  0  0  
第303个解
0  0  0  0  0  0  0  1  0  
0  0  1  0  0  0  0  0  0  
0  0  0  0  1  0  0  0  0  
0  1  0  0  0  0  0  0  0  
0  0  0  0  0  0  0  0  1  
0  0  0  0  0  1  0  0  0  
0  0  0  1  0  0  0  0  0  
0  0  0  0  0  0  1  0  0  
1  0  0  0  0  0  0  0  0  
第304个解
0  0  0  0  0  0  0  1  0  
0  0  1  0  0  0  0  0  0  
0  0  0  0  1  0  0  0  0  
0  0  0  0  0  0  0  0  1  
1  0  0  0  0  0  0  0  0  
0  0  0  0  0  1  0  0  0  
0  0  0  1  0  0  0  0  0  
0  1  0  0  0  0  0  0  0  
0  0  0  0  0  0  1  0  0  
第305个解
0  0  0  0  0  0  0  1  0  
0  0  0  1  0  0  0  0  0  
1  0  0  0  0  0  0  0  0  
0  0  0  0  0  0  1  0  0  
0  0  0  0  1  0  0  0  0  
0  1  0  0  0  0  0  0  0  
0  0  0  0  0  1  0  0  0  
0  0  0  0  0  0  0  0  1  
0  0  1  0  0  0  0  0  0  
第306个解
0  0  0  0  0  0  0  1  0  
0  0  0  1  0  0  0  0  0  
0  0  0  0  0  0  1  0  0  
0  0  0  0  0  0  0  0  1  
0  1  0  0  0  0  0  0  0  
0  0  0  0  0  1  0  0  0  
1  0  0  0  0  0  0  0  0  
0  0  1  0  0  0  0  0  0  
0  0  0  0  1  0  0  0  0  
第307个解
0  0  0  0  0  0  0  1  0  
0  0  0  1  0  0  0  0  0  
0  0  0  0  0  0  0  0  1  
1  0  0  0  0  0  0  0  0  
0  0  0  0  1  0  0  0  0  
0  1  0  0  0  0  0  0  0  
0  0  0  0  0  1  0  0  0  
0  0  1  0  0  0  0  0  0  
0  0  0  0  0  0  1  0  0  
第308个解
0  0  0  0  0  0  0  1  0  
0  0  0  1  0  0  0  0  0  
0  0  0  0  0  0  0  0  1  
0  0  1  0  0  0  0  0  0  
0  0  0  0  1  0  0  0  0  
0  0  0  0  0  0  1  0  0  
1  0  0  0  0  0  0  0  0  
0  0  0  0  0  1  0  0  0  
0  1  0  0  0  0  0  0  0  
第309个解
0  0  0  0  0  0  0  1  0  
0  0  0  1  0  0  0  0  0  
0  0  0  0  0  0  0  0  1  
0  0  1  0  0  0  0  0  0  
0  0  0  0  0  1  0  0  0  
0  1  0  0  0  0  0  0  0  
0  0  0  0  0  0  1  0  0  
0  0  0  0  1  0  0  0  0  
1  0  0  0  0  0  0  0  0  
第310个解
0  0  0  0  0  0  0  1  0  
0  0  0  1  0  0  0  0  0  
0  0  0  0  0  0  0  0  1  
0  0  0  0  0  0  1  0  0  
0  0  1  0  0  0  0  0  0  
1  0  0  0  0  0  0  0  0  
0  0  0  0  0  1  0  0  0  
0  1  0  0  0  0  0  0  0  
0  0  0  0  1  0  0  0  0  
第311个解
0  0  0  0  0  0  0  1  0  
0  0  0  0  1  0  0  0  0  
1  0  0  0  0  0  0  0  0  
0  0  0  0  0  1  0  0  0  
0  0  0  0  0  0  0  0  1  
0  1  0  0  0  0  0  0  0  
0  0  0  1  0  0  0  0  0  
0  0  0  0  0  0  1  0  0  
0  0  1  0  0  0  0  0  0  
第312个解
0  0  0  0  0  0  0  1  0  
0  0  0  0  1  0  0  0  0  
0  1  0  0  0  0  0  0  0  
0  0  0  1  0  0  0  0  0  
1  0  0  0  0  0  0  0  0  
0  0  0  0  0  0  1  0  0  
0  0  0  0  0  0  0  0  1  
0  0  1  0  0  0  0  0  0  
0  0  0  0  0  1  0  0  0  
第313个解
0  0  0  0  0  0  0  1  0  
0  0  0  0  1  0  0  0  0  
0  1  0  0  0  0  0  0  0  
0  0  0  1  0  0  0  0  0  
1  0  0  0  0  0  0  0  0  
0  0  0  0  0  0  1  0  0  
0  0  0  0  0  0  0  0  1  
0  0  0  0  0  1  0  0  0  
0  0  1  0  0  0  0  0  0  
第314个解
0  0  0  0  0  0  0  1  0  
0  0  0  0  1  0  0  0  0  
0  1  0  0  0  0  0  0  0  
0  0  0  0  0  0  0  0  1  
1  0  0  0  0  0  0  0  0  
0  0  0  1  0  0  0  0  0  
0  0  0  0  0  0  1  0  0  
0  0  1  0  0  0  0  0  0  
0  0  0  0  0  1  0  0  0  
第315个解
0  0  0  0  0  0  0  1  0  
0  0  0  0  1  0  0  0  0  
0  1  0  0  0  0  0  0  0  
0  0  0  0  0  0  0  0  1  
0  0  0  0  0  0  1  0  0  
0  0  0  1  0  0  0  0  0  
1  0  0  0  0  0  0  0  0  
0  0  1  0  0  0  0  0  0  
0  0  0  0  0  1  0  0  0  
第316个解
0  0  0  0  0  0  0  1  0  
0  0  0  0  1  0  0  0  0  
0  0  1  0  0  0  0  0  0  
1  0  0  0  0  0  0  0  0  
0  0  0  0  0  1  0  0  0  
0  1  0  0  0  0  0  0  0  
0  0  0  0  0  0  0  0  1  
0  0  0  0  0  0  1  0  0  
0  0  0  1  0  0  0  0  0  
第317个解
0  0  0  0  0  0  0  1  0  
0  0  0  0  1  0  0  0  0  
0  0  1  0  0  0  0  0  0  
1  0  0  0  0  0  0  0  0  
0  0  0  0  0  0  1  0  0  
0  0  0  1  0  0  0  0  0  
0  0  0  0  0  1  0  0  0  
0  0  0  0  0  0  0  0  1  
0  1  0  0  0  0  0  0  0  
第318个解
0  0  0  0  0  0  0  1  0  
0  0  0  0  1  0  0  0  0  
0  0  1  0  0  0  0  0  0  
0  0  0  0  0  1  0  0  0  
0  0  0  0  0  0  0  0  1  
0  0  0  0  0  0  1  0  0  
1  0  0  0  0  0  0  0  0  
0  0  0  1  0  0  0  0  0  
0  1  0  0  0  0  0  0  0  
第319个解
0  0  0  0  0  0  0  1  0  
0  0  0  0  1  0  0  0  0  
0  0  1  0  0  0  0  0  0  
0  0  0  0  0  0  0  0  1  
0  0  0  0  0  0  1  0  0  
0  1  0  0  0  0  0  0  0  
0  0  0  1  0  0  0  0  0  
0  0  0  0  0  1  0  0  0  
1  0  0  0  0  0  0  0  0  
第320个解
0  0  0  0  0  0  0  1  0  
0  0  0  0  0  1  0  0  0  
1  0  0  0  0  0  0  0  0  
0  0  1  0  0  0  0  0  0  
0  0  0  0  1  0  0  0  0  
0  0  0  0  0  0  1  0  0  
0  0  0  0  0  0  0  0  1  
0  0  0  1  0  0  0  0  0  
0  1  0  0  0  0  0  0  0  
第321个解
0  0  0  0  0  0  0  1  0  
0  0  0  0  0  1  0  0  0  
1  0  0  0  0  0  0  0  0  
0  0  1  0  0  0  0  0  0  
0  0  0  0  0  0  1  0  0  
0  0  0  0  0  0  0  0  1  
0  0  0  1  0  0  0  0  0  
0  1  0  0  0  0  0  0  0  
0  0  0  0  1  0  0  0  0  
第322个解
0  0  0  0  0  0  0  1  0  
0  0  0  0  0  1  0  0  0  
0  1  0  0  0  0  0  0  0  
0  0  0  0  0  0  1  0  0  
1  0  0  0  0  0  0  0  0  
0  0  0  1  0  0  0  0  0  
0  0  0  0  0  0  0  0  1  
0  0  0  0  1  0  0  0  0  
0  0  1  0  0  0  0  0  0  
第323个解
0  0  0  0  0  0  0  1  0  
0  0  0  0  0  1  0  0  0  
0  0  1  0  0  0  0  0  0  
0  0  0  0  0  0  0  0  1  
0  0  0  0  0  0  1  0  0  
1  0  0  0  0  0  0  0  0  
0  0  0  1  0  0  0  0  0  
0  1  0  0  0  0  0  0  0  
0  0  0  0  1  0  0  0  0  
第324个解
0  0  0  0  0  0  0  1  0  
0  0  0  0  0  1  0  0  0  
0  0  0  0  0  0  0  0  1  
0  0  1  0  0  0  0  0  0  
1  0  0  0  0  0  0  0  0  
0  0  0  1  0  0  0  0  0  
0  0  0  0  0  0  1  0  0  
0  0  0  0  1  0  0  0  0  
0  1  0  0  0  0  0  0  0  
第325个解
0  0  0  0  0  0  0  0  1  
0  1  0  0  0  0  0  0  0  
0  0  0  0  1  0  0  0  0  
0  0  0  0  0  0  1  0  0  
1  0  0  0  0  0  0  0  0  
0  0  1  0  0  0  0  0  0  
0  0  0  0  0  0  0  1  0  
0  0  0  0  0  1  0  0  0  
0  0  0  1  0  0  0  0  0  
第326个解
0  0  0  0  0  0  0  0  1  
0  1  0  0  0  0  0  0  0  
0  0  0  0  1  0  0  0  0  
0  0  0  0  0  0  1  0  0  
0  0  0  1  0  0  0  0  0  
1  0  0  0  0  0  0  0  0  
0  0  0  0  0  0  0  1  0  
0  0  0  0  0  1  0  0  0  
0  0  1  0  0  0  0  0  0  
第327个解
0  0  0  0  0  0  0  0  1  
0  1  0  0  0  0  0  0  0  
0  0  0  0  0  1  0  0  0  
0  0  0  0  0  0  0  1  0  
0  0  1  0  0  0  0  0  0  
1  0  0  0  0  0  0  0  0  
0  0  0  1  0  0  0  0  0  
0  0  0  0  0  0  1  0  0  
0  0  0  0  1  0  0  0  0  
第328个解
0  0  0  0  0  0  0  0  1  
0  0  1  0  0  0  0  0  0  
0  0  0  0  1  0  0  0  0  
0  1  0  0  0  0  0  0  0  
0  0  0  0  0  0  0  1  0  
1  0  0  0  0  0  0  0  0  
0  0  0  0  0  0  1  0  0  
0  0  0  1  0  0  0  0  0  
0  0  0  0  0  1  0  0  0  
第329个解
0  0  0  0  0  0  0  0  1  
0  0  1  0  0  0  0  0  0  
0  0  0  0  0  1  0  0  0  
0  1  0  0  0  0  0  0  0  
0  0  0  0  0  0  1  0  0  
1  0  0  0  0  0  0  0  0  
0  0  0  1  0  0  0  0  0  
0  0  0  0  0  0  0  1  0  
0  0  0  0  1  0  0  0  0  
第330个解
0  0  0  0  0  0  0  0  1  
0  0  1  0  0  0  0  0  0  
0  0  0  0  0  1  0  0  0  
0  1  0  0  0  0  0  0  0  
0  0  0  0  0  0  1  0  0  
0  0  0  0  1  0  0  0  0  
1  0  0  0  0  0  0  0  0  
0  0  0  0  0  0  0  1  0  
0  0  0  1  0  0  0  0  0  
第331个解
0  0  0  0  0  0  0  0  1  
0  0  1  0  0  0  0  0  0  
0  0  0  0  0  1  0  0  0  
0  0  0  1  0  0  0  0  0  
1  0  0  0  0  0  0  0  0  
0  0  0  0  0  0  0  1  0  
0  0  0  0  1  0  0  0  0  
0  0  0  0  0  0  1  0  0  
0  1  0  0  0  0  0  0  0  
第332个解
0  0  0  0  0  0  0  0  1  
0  0  0  1  0  0  0  0  0  
1  0  0  0  0  0  0  0  0  
0  0  0  0  1  0  0  0  0  
0  0  0  0  0  0  0  1  0  
0  1  0  0  0  0  0  0  0  
0  0  0  0  0  0  1  0  0  
0  0  1  0  0  0  0  0  0  
0  0  0  0  0  1  0  0  0  
第333个解
0  0  0  0  0  0  0  0  1  
0  0  0  1  0  0  0  0  0  
0  1  0  0  0  0  0  0  0  
0  0  0  0  1  0  0  0  0  
0  0  0  0  0  0  0  1  0  
0  0  0  0  0  1  0  0  0  
1  0  0  0  0  0  0  0  0  
0  0  1  0  0  0  0  0  0  
0  0  0  0  0  0  1  0  0  
第334个解
0  0  0  0  0  0  0  0  1  
0  0  0  1  0  0  0  0  0  
0  1  0  0  0  0  0  0  0  
0  0  0  0  0  0  1  0  0  
0  0  1  0  0  0  0  0  0  
0  0  0  0  0  1  0  0  0  
0  0  0  0  0  0  0  1  0  
1  0  0  0  0  0  0  0  0  
0  0  0  0  1  0  0  0  0  
第335个解
0  0  0  0  0  0  0  0  1  
0  0  0  1  0  0  0  0  0  
0  0  0  0  0  1  0  0  0  
0  0  0  0  0  0  0  1  0  
0  1  0  0  0  0  0  0  0  
0  0  0  0  0  0  1  0  0  
1  0  0  0  0  0  0  0  0  
0  0  1  0  0  0  0  0  0  
0  0  0  0  1  0  0  0  0  
第336个解
0  0  0  0  0  0  0  0  1  
0  0  0  1  0  0  0  0  0  
0  0  0  0  0  1  0  0  0  
0  0  0  0  0  0  0  1  0  
0  0  1  0  0  0  0  0  0  
1  0  0  0  0  0  0  0  0  
0  0  0  0  0  0  1  0  0  
0  0  0  0  1  0  0  0  0  
0  1  0  0  0  0  0  0  0  
第337个解
0  0  0  0  0  0  0  0  1  
0  0  0  1  0  0  0  0  0  
0  0  0  0  0  0  0  1  0  
1  0  0  0  0  0  0  0  0  
0  0  1  0  0  0  0  0  0  
0  0  0  0  0  1  0  0  0  
0  1  0  0  0  0  0  0  0  
0  0  0  0  0  0  1  0  0  
0  0  0  0  1  0  0  0  0  
第338个解
0  0  0  0  0  0  0  0  1  
0  0  0  0  1  0  0  0  0  
1  0  0  0  0  0  0  0  0  
0  0  0  1  0  0  0  0  0  
0  0  0  0  0  1  0  0  0  
0  0  0  0  0  0  0  1  0  
0  1  0  0  0  0  0  0  0  
0  0  0  0  0  0  1  0  0  
0  0  1  0  0  0  0  0  0  
第339个解
0  0  0  0  0  0  0  0  1  
0  0  0  0  1  0  0  0  0  
1  0  0  0  0  0  0  0  0  
0  0  0  0  0  0  0  1  0  
0  0  0  1  0  0  0  0  0  
0  1  0  0  0  0  0  0  0  
0  0  0  0  0  0  1  0  0  
0  0  1  0  0  0  0  0  0  
0  0  0  0  0  1  0  0  0  
第340个解
0  0  0  0  0  0  0  0  1  
0  0  0  0  1  0  0  0  0  
0  0  1  0  0  0  0  0  0  
1  0  0  0  0  0  0  0  0  
0  0  0  0  0  1  0  0  0  
0  0  0  0  0  0  0  1  0  
0  1  0  0  0  0  0  0  0  
0  0  0  1  0  0  0  0  0  
0  0  0  0  0  0  1  0  0  
第341个解
0  0  0  0  0  0  0  0  1  
0  0  0  0  1  0  0  0  0  
0  0  1  0  0  0  0  0  0  
1  0  0  0  0  0  0  0  0  
0  0  0  0  0  0  1  0  0  
0  1  0  0  0  0  0  0  0  
0  0  0  0  0  0  0  1  0  
0  0  0  0  0  1  0  0  0  
0  0  0  1  0  0  0  0  0  
第342个解
0  0  0  0  0  0  0  0  1  
0  0  0  0  1  0  0  0  0  
0  0  1  0  0  0  0  0  0  
0  0  0  0  0  0  0  1  0  
0  0  0  1  0  0  0  0  0  
0  0  0  0  0  0  1  0  0  
1  0  0  0  0  0  0  0  0  
0  0  0  0  0  1  0  0  0  
0  1  0  0  0  0  0  0  0  
第343个解
0  0  0  0  0  0  0  0  1  
0  0  0  0  1  0  0  0  0  
0  0  0  0  0  0  0  1  0  
0  0  0  1  0  0  0  0  0  
1  0  0  0  0  0  0  0  0  
0  0  0  0  0  0  1  0  0  
0  1  0  0  0  0  0  0  0  
0  0  0  0  0  1  0  0  0  
0  0  1  0  0  0  0  0  0  
第344个解
0  0  0  0  0  0  0  0  1  
0  0  0  0  0  1  0  0  0  
0  1  0  0  0  0  0  0  0  
0  0  0  0  0  0  1  0  0  
1  0  0  0  0  0  0  0  0  
0  0  1  0  0  0  0  0  0  
0  0  0  0  1  0  0  0  0  
0  0  0  0  0  0  0  1  0  
0  0  0  1  0  0  0  0  0  
第345个解
0  0  0  0  0  0  0  0  1  
0  0  0  0  0  1  0  0  0  
0  0  1  0  0  0  0  0  0  
1  0  0  0  0  0  0  0  0  
0  0  0  0  0  0  0  1  0  
0  0  0  0  1  0  0  0  0  
0  1  0  0  0  0  0  0  0  
0  0  0  1  0  0  0  0  0  
0  0  0  0  0  0  1  0  0  
第346个解
0  0  0  0  0  0  0  0  1  
0  0  0  0  0  1  0  0  0  
0  0  1  0  0  0  0  0  0  
0  0  0  0  0  0  1  0  0  
0  1  0  0  0  0  0  0  0  
0  0  0  0  0  0  0  1  0  
0  0  0  0  1  0  0  0  0  
1  0  0  0  0  0  0  0  0  
0  0  0  1  0  0  0  0  0  
第347个解
0  0  0  0  0  0  0  0  1  
0  0  0  0  0  1  0  0  0  
0  0  0  1  0  0  0  0  0  
0  1  0  0  0  0  0  0  0  
0  0  0  0  0  0  0  1  0  
0  0  0  0  1  0  0  0  0  
0  0  0  0  0  0  1  0  0  
1  0  0  0  0  0  0  0  0  
0  0  1  0  0  0  0  0  0  
第348个解
0  0  0  0  0  0  0  0  1  
0  0  0  0  0  1  0  0  0  
0  0  0  1  0  0  0  0  0  
0  0  0  0  0  0  1  0  0  
1  0  0  0  0  0  0  0  0  
0  0  0  0  0  0  0  1  0  
0  1  0  0  0  0  0  0  0  
0  0  0  0  1  0  0  0  0  
0  0  1  0  0  0  0  0  0  
第349个解
0  0  0  0  0  0  0  0  1  
0  0  0  0  0  1  0  0  0  
0  0  0  0  0  0  0  1  0  
0  1  0  0  0  0  0  0  0  
0  0  0  1  0  0  0  0  0  
1  0  0  0  0  0  0  0  0  
0  0  0  0  0  0  1  0  0  
0  0  0  0  1  0  0  0  0  
0  0  1  0  0  0  0  0  0  
第350个解
0  0  0  0  0  0  0  0  1  
0  0  0  0  0  0  1  0  0  
0  1  0  0  0  0  0  0  0  
0  0  0  1  0  0  0  0  0  
1  0  0  0  0  0  0  0  0  
0  0  0  0  0  0  0  1  0  
0  0  0  0  1  0  0  0  0  
0  0  1  0  0  0  0  0  0  
0  0  0  0  0  1  0  0  0  
第351个解
0  0  0  0  0  0  0  0  1  
0  0  0  0  0  0  1  0  0  
0  0  1  0  0  0  0  0  0  
0  0  0  0  0  0  0  1  0  
0  1  0  0  0  0  0  0  0  
0  0  0  0  1  0  0  0  0  
1  0  0  0  0  0  0  0  0  
0  0  0  0  0  1  0  0  0  
0  0  0  1  0  0  0  0  0  
第352个解
0  0  0  0  0  0  0  0  1  
0  0  0  0  0  0  1  0  0  
0  0  0  1  0  0  0  0  0  
0  1  0  0  0  0  0  0  0  
0  0  0  0  0  0  0  1  0  
0  0  0  0  0  1  0  0  0  
1  0  0  0  0  0  0  0  0  
0  0  1  0  0  0  0  0  0  
0  0  0  0  1  0  0  0  0  
