第1个解
1  0  0  0  0  
0  0  1  0  0  
0  0  0  0  1  
0  1  0  0  0  
0  0  0  1  0  
第2个解
1  0  0  0  0  
0  0  0  1  0  
0  1  0  0  0  
0  0  0  0  1  
0  0  1  0  0  
第3个解
0  1  0  0  0  
0  0  0  1  0  
1  0  0  0  0  
0  0  1  0  0  
0  0  0  0  1  
第4个解
0  1  0  0  0  
0  0  0  0  1  
0  0  1  0  0  
1  0  0  0  0  
0  0  0  1  0  
第5个解
0  0  1  0  0  
1  0  0  0  0  
0  0  0  1  0  
0  1  0  0  0  
0  0  0  0  1  
第6个解
0  0  1  0  0  
0  0  0  0  1  
0  1  0  0  0  
0  0  0  1  0  
1  0  0  0  0  
第7个解
0  0  0  1  0  
1  0  0  0  0  
0  0  1  0  0  
0  0  0  0  1  
0  1  0  0  0  
第8个解
0  0  0  1  0  
0  1  0  0  0  
0  0  0  0  1  
0  0  1  0  0  
1  0  0  0  0  
第9个解
0  0  0  0  1  
0  1  0  0  0  
0  0  0  1  0  
1  0  0  0  0  
0  0  1  0  0  
第10个解
0  0  0  0  1  
0  0  1  0  0  
1  0  0  0  0  
0  0  0  1  0  
0  1  0  0  0  
第1个解
1  0  0  0  0  
0  0  1  0  0  
0  0  0  0  1  
0  1  0  0  0  
0  0  0  1  0  
第2个解
1  0  0  0  0  
0  0  0  1  0  
0  1  0  0  0  
0  0  0  0  1  
0  0  1  0  0  
第3个解
0  1  0  0  0  
0  0  0  1  0  
1  0  0  0  0  
0  0  1  0  0  
0  0  0  0  1  
第4个解
0  1  0  0  0  
0  0  0  0  1  
0  0  1  0  0  
1  0  0  0  0  
0  0  0  1  0  
第5个解
0  0  1  0  0  
1  0  0  0  0  
0  0  0  1  0  
0  1  0  0  0  
0  0  0  0  1  
第6个解
0  0  1  0  0  
0  0  0  0  1  
0  1  0  0  0  
0  0  0  1  0  
1  0  0  0  0  
第7个解
0  0  0  1  0  
1  0  0  0  0  
0  0  1  0  0  
0  0  0  0  1  
0  1  0  0  0  
第8个解
0  0  0  1  0  
0  1  0  0  0  
0  0  0  0  1  
0  0  1  0  0  
1  0  0  0  0  
第9个解
0  0  0  0  1  
0  1  0  0  0  
0  0  0  1  0  
1  0  0  0  0  
0  0  1  0  0  
第10个解
0  0  0  0  1  
0  0  1  0  0  
1  0  0  0  0  
0  0  0  1  0  
0  1  0  0  0  
