第1个解
1  0  0  0  0  0  0  
0  0  1  0  0  0  0  
0  0  0  0  1  0  0  
0  0  0  0  0  0  1  
0  1  0  0  0  0  0  
0  0  0  1  0  0  0  
0  0  0  0  0  1  0  
第2个解
1  0  0  0  0  0  0  
0  0  0  1  0  0  0  
0  0  0  0  0  0  1  
0  0  1  0  0  0  0  
0  0  0  0  0  1  0  
0  1  0  0  0  0  0  
0  0  0  0  1  0  0  
第3个解
1  0  0  0  0  0  0  
0  0  0  0  1  0  0  
0  1  0  0  0  0  0  
0  0  0  0  0  1  0  
0  0  1  0  0  0  0  
0  0  0  0  0  0  1  
0  0  0  1  0  0  0  
第4个解
1  0  0  0  0  0  0  
0  0  0  0  0  1  0  
0  0  0  1  0  0  0  
0  1  0  0  0  0  0  
0  0  0  0  0  0  1  
0  0  0  0  1  0  0  
0  0  1  0  0  0  0  
第5个解
0  1  0  0  0  0  0  
0  0  0  1  0  0  0  
1  0  0  0  0  0  0  
0  0  0  0  0  0  1  
0  0  0  0  1  0  0  
0  0  1  0  0  0  0  
0  0  0  0  0  1  0  
第6个解
0  1  0  0  0  0  0  
0  0  0  1  0  0  0  
0  0  0  0  0  1  0  
1  0  0  0  0  0  0  
0  0  1  0  0  0  0  
0  0  0  0  1  0  0  
0  0  0  0  0  0  1  
第7个解
0  1  0  0  0  0  0  
0  0  0  0  1  0  0  
1  0  0  0  0  0  0  
0  0  0  1  0  0  0  
0  0  0  0  0  0  1  
0  0  1  0  0  0  0  
0  0  0  0  0  1  0  
第8个解
0  1  0  0  0  0  0  
0  0  0  0  1  0  0  
0  0  1  0  0  0  0  
1  0  0  0  0  0  0  
0  0  0  0  0  0  1  
0  0  0  1  0  0  0  
0  0  0  0  0  1  0  
第9个解
0  1  0  0  0  0  0  
0  0  0  0  1  0  0  
0  0  0  0  0  0  1  
0  0  0  1  0  0  0  
1  0  0  0  0  0  0  
0  0  1  0  0  0  0  
0  0  0  0  0  1  0  
第10个解
0  1  0  0  0  0  0  
0  0  0  0  0  1  0  
0  0  1  0  0  0  0  
0  0  0  0  0  0  1  
0  0  0  1  0  0  0  
1  0  0  0  0  0  0  
0  0  0  0  1  0  0  
第11个解
0  1  0  0  0  0  0  
0  0  0  0  0  0  1  
0  0  0  0  1  0  0  
0  0  1  0  0  0  0  
1  0  0  0  0  0  0  
0  0  0  0  0  1  0  
0  0  0  1  0  0  0  
第12个解
0  0  1  0  0  0  0  
1  0  0  0  0  0  0  
0  0  0  0  0  1  0  
0  1  0  0  0  0  0  
0  0  0  0  1  0  0  
0  0  0  0  0  0  1  
0  0  0  1  0  0  0  
第13个解
0  0  1  0  0  0  0  
1  0  0  0  0  0  0  
0  0  0  0  0  1  0  
0  0  0  1  0  0  0  
0  1  0  0  0  0  0  
0  0  0  0  0  0  1  
0  0  0  0  1  0  0  
第14个解
0  0  1  0  0  0  0  
0  0  0  0  1  0  0  
0  0  0  0  0  0  1  
0  1  0  0  0  0  0  
0  0  0  1  0  0  0  
0  0  0  0  0  1  0  
1  0  0  0  0  0  0  
第15个解
0  0  1  0  0  0  0  
0  0  0  0  0  1  0  
0  1  0  0  0  0  0  
0  0  0  0  1  0  0  
1  0  0  0  0  0  0  
0  0  0  1  0  0  0  
0  0  0  0  0  0  1  
第16个解
0  0  1  0  0  0  0  
0  0  0  0  0  0  1  
0  1  0  0  0  0  0  
0  0  0  1  0  0  0  
0  0  0  0  0  1  0  
1  0  0  0  0  0  0  
0  0  0  0  1  0  0  
第17个解
0  0  1  0  0  0  0  
0  0  0  0  0  0  1  
0  0  0  1  0  0  0  
1  0  0  0  0  0  0  
0  0  0  0  1  0  0  
0  1  0  0  0  0  0  
0  0  0  0  0  1  0  
第18个解
0  0  0  1  0  0  0  
1  0  0  0  0  0  0  
0  0  1  0  0  0  0  
0  0  0  0  0  1  0  
0  1  0  0  0  0  0  
0  0  0  0  0  0  1  
0  0  0  0  1  0  0  
第19个解
0  0  0  1  0  0  0  
1  0  0  0  0  0  0  
0  0  0  0  1  0  0  
0  1  0  0  0  0  0  
0  0  0  0  0  1  0  
0  0  1  0  0  0  0  
0  0  0  0  0  0  1  
第20个解
0  0  0  1  0  0  0  
0  1  0  0  0  0  0  
0  0  0  0  0  0  1  
0  0  0  0  1  0  0  
0  0  1  0  0  0  0  
1  0  0  0  0  0  0  
0  0  0  0  0  1  0  
第21个解
0  0  0  1  0  0  0  
0  0  0  0  0  1  0  
1  0  0  0  0  0  0  
0  0  1  0  0  0  0  
0  0  0  0  1  0  0  
0  0  0  0  0  0  1  
0  1  0  0  0  0  0  
第22个解
0  0  0  1  0  0  0  
0  0  0  0  0  0  1  
0  0  1  0  0  0  0  
0  0  0  0  0  1  0  
0  1  0  0  0  0  0  
0  0  0  0  1  0  0  
1  0  0  0  0  0  0  
第23个解
0  0  0  1  0  0  0  
0  0  0  0  0  0  1  
0  0  0  0  1  0  0  
0  1  0  0  0  0  0  
0  0  0  0  0  1  0  
1  0  0  0  0  0  0  
0  0  1  0  0  0  0  
第24个解
0  0  0  0  1  0  0  
1  0  0  0  0  0  0  
0  0  0  1  0  0  0  
0  0  0  0  0  0  1  
0  0  1  0  0  0  0  
0  0  0  0  0  1  0  
0  1  0  0  0  0  0  
第25个解
0  0  0  0  1  0  0  
1  0  0  0  0  0  0  
0  0  0  0  0  1  0  
0  0  0  1  0  0  0  
0  1  0  0  0  0  0  
0  0  0  0  0  0  1  
0  0  1  0  0  0  0  
第26个解
0  0  0  0  1  0  0  
0  1  0  0  0  0  0  
0  0  0  0  0  1  0  
0  0  1  0  0  0  0  
0  0  0  0  0  0  1  
0  0  0  1  0  0  0  
1  0  0  0  0  0  0  
第27个解
0  0  0  0  1  0  0  
0  0  1  0  0  0  0  
1  0  0  0  0  0  0  
0  0  0  0  0  1  0  
0  0  0  1  0  0  0  
0  1  0  0  0  0  0  
0  0  0  0  0  0  1  
第28个解
0  0  0  0  1  0  0  
0  0  0  0  0  0  1  
0  1  0  0  0  0  0  
0  0  0  1  0  0  0  
0  0  0  0  0  1  0  
1  0  0  0  0  0  0  
0  0  1  0  0  0  0  
第29个解
0  0  0  0  1  0  0  
0  0  0  0  0  0  1  
0  1  0  0  0  0  0  
0  0  0  0  0  1  0  
0  0  1  0  0  0  0  
1  0  0  0  0  0  0  
0  0  0  1  0  0  0  
第30个解
0  0  0  0  0  1  0  
1  0  0  0  0  0  0  
0  0  1  0  0  0  0  
0  0  0  0  1  0  0  
0  0  0  0  0  0  1  
0  1  0  0  0  0  0  
0  0  0  1  0  0  0  
第31个解
0  0  0  0  0  1  0  
0  1  0  0  0  0  0  
0  0  0  0  1  0  0  
1  0  0  0  0  0  0  
0  0  0  1  0  0  0  
0  0  0  0  0  0  1  
0  0  1  0  0  0  0  
第32个解
0  0  0  0  0  1  0  
0  0  1  0  0  0  0  
1  0  0  0  0  0  0  
0  0  0  1  0  0  0  
0  0  0  0  0  0  1  
0  0  0  0  1  0  0  
0  1  0  0  0  0  0  
第33个解
0  0  0  0  0  1  0  
0  0  1  0  0  0  0  
0  0  0  0  1  0  0  
0  0  0  0  0  0  1  
1  0  0  0  0  0  0  
0  0  0  1  0  0  0  
0  1  0  0  0  0  0  
第34个解
0  0  0  0  0  1  0  
0  0  1  0  0  0  0  
0  0  0  0  0  0  1  
0  0  0  1  0  0  0  
1  0  0  0  0  0  0  
0  0  0  0  1  0  0  
0  1  0  0  0  0  0  
第35个解
0  0  0  0  0  1  0  
0  0  0  1  0  0  0  
0  1  0  0  0  0  0  
0  0  0  0  0  0  1  
0  0  0  0  1  0  0  
0  0  1  0  0  0  0  
1  0  0  0  0  0  0  
第36个解
0  0  0  0  0  1  0  
0  0  0  1  0  0  0  
0  0  0  0  0  0  1  
1  0  0  0  0  0  0  
0  0  1  0  0  0  0  
0  0  0  0  1  0  0  
0  1  0  0  0  0  0  
第37个解
0  0  0  0  0  0  1  
0  1  0  0  0  0  0  
0  0  0  1  0  0  0  
0  0  0  0  0  1  0  
1  0  0  0  0  0  0  
0  0  1  0  0  0  0  
0  0  0  0  1  0  0  
第38个解
0  0  0  0  0  0  1  
0  0  1  0  0  0  0  
0  0  0  0  0  1  0  
0  1  0  0  0  0  0  
0  0  0  0  1  0  0  
1  0  0  0  0  0  0  
0  0  0  1  0  0  0  
第39个解
0  0  0  0  0  0  1  
0  0  0  1  0  0  0  
1  0  0  0  0  0  0  
0  0  0  0  1  0  0  
0  1  0  0  0  0  0  
0  0  0  0  0  1  0  
0  0  1  0  0  0  0  
第40个解
0  0  0  0  0  0  1  
0  0  0  0  1  0  0  
0  0  1  0  0  0  0  
1  0  0  0  0  0  0  
0  0  0  0  0  1  0  
0  0  0  1  0  0  0  
0  1  0  0  0  0  0  
