第1个解
1  0  0  0  0  0  0  0  
0  0  0  0  1  0  0  0  
0  0  0  0  0  0  0  1  
0  0  0  0  0  1  0  0  
0  0  1  0  0  0  0  0  
0  0  0  0  0  0  1  0  
0  1  0  0  0  0  0  0  
0  0  0  1  0  0  0  0  
第2个解
1  0  0  0  0  0  0  0  
0  0  0  0  0  1  0  0  
0  0  0  0  0  0  0  1  
0  0  1  0  0  0  0  0  
0  0  0  0  0  0  1  0  
0  0  0  1  0  0  0  0  
0  1  0  0  0  0  0  0  
0  0  0  0  1  0  0  0  
第3个解
1  0  0  0  0  0  0  0  
0  0  0  0  0  0  1  0  
0  0  0  1  0  0  0  0  
0  0  0  0  0  1  0  0  
0  0  0  0  0  0  0  1  
0  1  0  0  0  0  0  0  
0  0  0  0  1  0  0  0  
0  0  1  0  0  0  0  0  
第4个解
1  0  0  0  0  0  0  0  
0  0  0  0  0  0  1  0  
0  0  0  0  1  0  0  0  
0  0  0  0  0  0  0  1  
0  1  0  0  0  0  0  0  
0  0  0  1  0  0  0  0  
0  0  0  0  0  1  0  0  
0  0  1  0  0  0  0  0  
第5个解
0  1  0  0  0  0  0  0  
0  0  0  1  0  0  0  0  
0  0  0  0  0  1  0  0  
0  0  0  0  0  0  0  1  
0  0  1  0  0  0  0  0  
1  0  0  0  0  0  0  0  
0  0  0  0  0  0  1  0  
0  0  0  0  1  0  0  0  
第6个解
0  1  0  0  0  0  0  0  
0  0  0  0  1  0  0  0  
0  0  0  0  0  0  1  0  
1  0  0  0  0  0  0  0  
0  0  1  0  0  0  0  0  
0  0  0  0  0  0  0  1  
0  0  0  0  0  1  0  0  
0  0  0  1  0  0  0  0  
第7个解
0  1  0  0  0  0  0  0  
0  0  0  0  1  0  0  0  
0  0  0  0  0  0  1  0  
0  0  0  1  0  0  0  0  
1  0  0  0  0  0  0  0  
0  0  0  0  0  0  0  1  
0  0  0  0  0  1  0  0  
0  0  1  0  0  0  0  0  
第8个解
0  1  0  0  0  0  0  0  
0  0  0  0  0  1  0  0  
1  0  0  0  0  0  0  0  
0  0  0  0  0  0  1  0  
0  0  0  1  0  0  0  0  
0  0  0  0  0  0  0  1  
0  0  1  0  0  0  0  0  
0  0  0  0  1  0  0  0  
第9个解
0  1  0  0  0  0  0  0  
0  0  0  0  0  1  0  0  
0  0  0  0  0  0  0  1  
0  0  1  0  0  0  0  0  
1  0  0  0  0  0  0  0  
0  0  0  1  0  0  0  0  
0  0  0  0  0  0  1  0  
0  0  0  0  1  0  0  0  
第10个解
0  1  0  0  0  0  0  0  
0  0  0  0  0  0  1  0  
0  0  1  0  0  0  0  0  
0  0  0  0  0  1  0  0  
0  0  0  0  0  0  0  1  
0  0  0  0  1  0  0  0  
1  0  0  0  0  0  0  0  
0  0  0  1  0  0  0  0  
第11个解
0  1  0  0  0  0  0  0  
0  0  0  0  0  0  1  0  
0  0  0  0  1  0  0  0  
0  0  0  0  0  0  0  1  
1  0  0  0  0  0  0  0  
0  0  0  1  0  0  0  0  
0  0  0  0  0  1  0  0  
0  0  1  0  0  0  0  0  
第12个解
0  1  0  0  0  0  0  0  
0  0  0  0  0  0  0  1  
0  0  0  0  0  1  0  0  
1  0  0  0  0  0  0  0  
0  0  1  0  0  0  0  0  
0  0  0  0  1  0  0  0  
0  0  0  0  0  0  1  0  
0  0  0  1  0  0  0  0  
第13个解
0  0  1  0  0  0  0  0  
1  0  0  0  0  0  0  0  
0  0  0  0  0  0  1  0  
0  0  0  0  1  0  0  0  
0  0  0  0  0  0  0  1  
0  1  0  0  0  0  0  0  
0  0  0  1  0  0  0  0  
0  0  0  0  0  1  0  0  
第14个解
0  0  1  0  0  0  0  0  
0  0  0  0  1  0  0  0  
0  1  0  0  0  0  0  0  
0  0  0  0  0  0  0  1  
1  0  0  0  0  0  0  0  
0  0  0  0  0  0  1  0  
0  0  0  1  0  0  0  0  
0  0  0  0  0  1  0  0  
第15个解
0  0  1  0  0  0  0  0  
0  0  0  0  1  0  0  0  
0  1  0  0  0  0  0  0  
0  0  0  0  0  0  0  1  
0  0  0  0  0  1  0  0  
0  0  0  1  0  0  0  0  
0  0  0  0  0  0  1  0  
1  0  0  0  0  0  0  0  
第16个解
0  0  1  0  0  0  0  0  
0  0  0  0  1  0  0  0  
0  0  0  0  0  0  1  0  
1  0  0  0  0  0  0  0  
0  0  0  1  0  0  0  0  
0  1  0  0  0  0  0  0  
0  0  0  0  0  0  0  1  
0  0  0  0  0  1  0  0  
第17个解
0  0  1  0  0  0  0  0  
0  0  0  0  1  0  0  0  
0  0  0  0  0  0  0  1  
0  0  0  1  0  0  0  0  
1  0  0  0  0  0  0  0  
0  0  0  0  0  0  1  0  
0  1  0  0  0  0  0  0  
0  0  0  0  0  1  0  0  
第18个解
0  0  1  0  0  0  0  0  
0  0  0  0  0  1  0  0  
0  1  0  0  0  0  0  0  
0  0  0  0  1  0  0  0  
0  0  0  0  0  0  0  1  
1  0  0  0  0  0  0  0  
0  0  0  0  0  0  1  0  
0  0  0  1  0  0  0  0  
第19个解
0  0  1  0  0  0  0  0  
0  0  0  0  0  1  0  0  
0  1  0  0  0  0  0  0  
0  0  0  0  0  0  1  0  
1  0  0  0  0  0  0  0  
0  0  0  1  0  0  0  0  
0  0  0  0  0  0  0  1  
0  0  0  0  1  0  0  0  
第20个解
0  0  1  0  0  0  0  0  
0  0  0  0  0  1  0  0  
0  1  0  0  0  0  0  0  
0  0  0  0  0  0  1  0  
0  0  0  0  1  0  0  0  
1  0  0  0  0  0  0  0  
0  0  0  0  0  0  0  1  
0  0  0  1  0  0  0  0  
第21个解
0  0  1  0  0  0  0  0  
0  0  0  0  0  1  0  0  
0  0  0  1  0  0  0  0  
1  0  0  0  0  0  0  0  
0  0  0  0  0  0  0  1  
0  0  0  0  1  0  0  0  
0  0  0  0  0  0  1  0  
0  1  0  0  0  0  0  0  
第22个解
0  0  1  0  0  0  0  0  
0  0  0  0  0  1  0  0  
0  0  0  1  0  0  0  0  
0  1  0  0  0  0  0  0  
0  0  0  0  0  0  0  1  
0  0  0  0  1  0  0  0  
0  0  0  0  0  0  1  0  
1  0  0  0  0  0  0  0  
第23个解
0  0  1  0  0  0  0  0  
0  0  0  0  0  1  0  0  
0  0  0  0  0  0  0  1  
1  0  0  0  0  0  0  0  
0  0  0  1  0  0  0  0  
0  0  0  0  0  0  1  0  
0  0  0  0  1  0  0  0  
0  1  0  0  0  0  0  0  
第24个解
0  0  1  0  0  0  0  0  
0  0  0  0  0  1  0  0  
0  0  0  0  0  0  0  1  
1  0  0  0  0  0  0  0  
0  0  0  0  1  0  0  0  
0  0  0  0  0  0  1  0  
0  1  0  0  0  0  0  0  
0  0  0  1  0  0  0  0  
第25个解
0  0  1  0  0  0  0  0  
0  0  0  0  0  1  0  0  
0  0  0  0  0  0  0  1  
0  1  0  0  0  0  0  0  
0  0  0  1  0  0  0  0  
1  0  0  0  0  0  0  0  
0  0  0  0  0  0  1  0  
0  0  0  0  1  0  0  0  
第26个解
0  0  1  0  0  0  0  0  
0  0  0  0  0  0  1  0  
0  1  0  0  0  0  0  0  
0  0  0  0  0  0  0  1  
0  0  0  0  1  0  0  0  
1  0  0  0  0  0  0  0  
0  0  0  1  0  0  0  0  
0  0  0  0  0  1  0  0  
第27个解
0  0  1  0  0  0  0  0  
0  0  0  0  0  0  1  0  
0  1  0  0  0  0  0  0  
0  0  0  0  0  0  0  1  
0  0  0  0  0  1  0  0  
0  0  0  1  0  0  0  0  
1  0  0  0  0  0  0  0  
0  0  0  0  1  0  0  0  
第28个解
0  0  1  0  0  0  0  0  
0  0  0  0  0  0  0  1  
0  0  0  1  0  0  0  0  
0  0  0  0  0  0  1  0  
1  0  0  0  0  0  0  0  
0  0  0  0  0  1  0  0  
0  1  0  0  0  0  0  0  
0  0  0  0  1  0  0  0  
第29个解
0  0  0  1  0  0  0  0  
1  0  0  0  0  0  0  0  
0  0  0  0  1  0  0  0  
0  0  0  0  0  0  0  1  
0  1  0  0  0  0  0  0  
0  0  0  0  0  0  1  0  
0  0  1  0  0  0  0  0  
0  0  0  0  0  1  0  0  
第30个解
0  0  0  1  0  0  0  0  
1  0  0  0  0  0  0  0  
0  0  0  0  1  0  0  0  
0  0  0  0  0  0  0  1  
0  0  0  0  0  1  0  0  
0  0  1  0  0  0  0  0  
0  0  0  0  0  0  1  0  
0  1  0  0  0  0  0  0  
第31个解
0  0  0  1  0  0  0  0  
0  1  0  0  0  0  0  0  
0  0  0  0  1  0  0  0  
0  0  0  0  0  0  0  1  
0  0  0  0  0  1  0  0  
1  0  0  0  0  0  0  0  
0  0  1  0  0  0  0  0  
0  0  0  0  0  0  1  0  
第32个解
0  0  0  1  0  0  0  0  
0  1  0  0  0  0  0  0  
0  0  0  0  0  0  1  0  
0  0  1  0  0  0  0  0  
0  0  0  0  0  1  0  0  
0  0  0  0  0  0  0  1  
1  0  0  0  0  0  0  0  
0  0  0  0  1  0  0  0  
第33个解
0  0  0  1  0  0  0  0  
0  1  0  0  0  0  0  0  
0  0  0  0  0  0  1  0  
0  0  1  0  0  0  0  0  
0  0  0  0  0  1  0  0  
0  0  0  0  0  0  0  1  
0  0  0  0  1  0  0  0  
1  0  0  0  0  0  0  0  
第34个解
0  0  0  1  0  0  0  0  
0  1  0  0  0  0  0  0  
0  0  0  0  0  0  1  0  
0  0  0  0  1  0  0  0  
1  0  0  0  0  0  0  0  
0  0  0  0  0  0  0  1  
0  0  0  0  0  1  0  0  
0  0  1  0  0  0  0  0  
第35个解
0  0  0  1  0  0  0  0  
0  1  0  0  0  0  0  0  
0  0  0  0  0  0  0  1  
0  0  0  0  1  0  0  0  
0  0  0  0  0  0  1  0  
1  0  0  0  0  0  0  0  
0  0  1  0  0  0  0  0  
0  0  0  0  0  1  0  0  
第36个解
0  0  0  1  0  0  0  0  
0  1  0  0  0  0  0  0  
0  0  0  0  0  0  0  1  
0  0  0  0  0  1  0  0  
1  0  0  0  0  0  0  0  
0  0  1  0  0  0  0  0  
0  0  0  0  1  0  0  0  
0  0  0  0  0  0  1  0  
第37个解
0  0  0  1  0  0  0  0  
0  0  0  0  0  1  0  0  
1  0  0  0  0  0  0  0  
0  0  0  0  1  0  0  0  
0  1  0  0  0  0  0  0  
0  0  0  0  0  0  0  1  
0  0  1  0  0  0  0  0  
0  0  0  0  0  0  1  0  
第38个解
0  0  0  1  0  0  0  0  
0  0  0  0  0  1  0  0  
0  0  0  0  0  0  0  1  
0  1  0  0  0  0  0  0  
0  0  0  0  0  0  1  0  
1  0  0  0  0  0  0  0  
0  0  1  0  0  0  0  0  
0  0  0  0  1  0  0  0  
第39个解
0  0  0  1  0  0  0  0  
0  0  0  0  0  1  0  0  
0  0  0  0  0  0  0  1  
0  0  1  0  0  0  0  0  
1  0  0  0  0  0  0  0  
0  0  0  0  0  0  1  0  
0  0  0  0  1  0  0  0  
0  1  0  0  0  0  0  0  
第40个解
0  0  0  1  0  0  0  0  
0  0  0  0  0  0  1  0  
1  0  0  0  0  0  0  0  
0  0  0  0  0  0  0  1  
0  0  0  0  1  0  0  0  
0  1  0  0  0  0  0  0  
0  0  0  0  0  1  0  0  
0  0  1  0  0  0  0  0  
第41个解
0  0  0  1  0  0  0  0  
0  0  0  0  0  0  1  0  
0  0  1  0  0  0  0  0  
0  0  0  0  0  0  0  1  
0  1  0  0  0  0  0  0  
0  0  0  0  1  0  0  0  
1  0  0  0  0  0  0  0  
0  0  0  0  0  1  0  0  
第42个解
0  0  0  1  0  0  0  0  
0  0  0  0  0  0  1  0  
0  0  0  0  1  0  0  0  
0  1  0  0  0  0  0  0  
0  0  0  0  0  1  0  0  
1  0  0  0  0  0  0  0  
0  0  1  0  0  0  0  0  
0  0  0  0  0  0  0  1  
第43个解
0  0  0  1  0  0  0  0  
0  0  0  0  0  0  1  0  
0  0  0  0  1  0  0  0  
0  0  1  0  0  0  0  0  
1  0  0  0  0  0  0  0  
0  0  0  0  0  1  0  0  
0  0  0  0  0  0  0  1  
0  1  0  0  0  0  0  0  
第44个解
0  0  0  1  0  0  0  0  
0  0  0  0  0  0  0  1  
1  0  0  0  0  0  0  0  
0  0  1  0  0  0  0  0  
0  0  0  0  0  1  0  0  
0  1  0  0  0  0  0  0  
0  0  0  0  0  0  1  0  
0  0  0  0  1  0  0  0  
第45个解
0  0  0  1  0  0  0  0  
0  0  0  0  0  0  0  1  
1  0  0  0  0  0  0  0  
0  0  0  0  1  0  0  0  
0  0  0  0  0  0  1  0  
0  1  0  0  0  0  0  0  
0  0  0  0  0  1  0  0  
0  0  1  0  0  0  0  0  
第46个解
0  0  0  1  0  0  0  0  
0  0  0  0  0  0  0  1  
0  0  0  0  1  0  0  0  
0  0  1  0  0  0  0  0  
1  0  0  0  0  0  0  0  
0  0  0  0  0  0  1  0  
0  1  0  0  0  0  0  0  
0  0  0  0  0  1  0  0  
第47个解
0  0  0  0  1  0  0  0  
1  0  0  0  0  0  0  0  
0  0  0  1  0  0  0  0  
0  0  0  0  0  1  0  0  
0  0  0  0  0  0  0  1  
0  1  0  0  0  0  0  0  
0  0  0  0  0  0  1  0  
0  0  1  0  0  0  0  0  
第48个解
0  0  0  0  1  0  0  0  
1  0  0  0  0  0  0  0  
0  0  0  0  0  0  0  1  
0  0  0  1  0  0  0  0  
0  1  0  0  0  0  0  0  
0  0  0  0  0  0  1  0  
0  0  1  0  0  0  0  0  
0  0  0  0  0  1  0  0  
第49个解
0  0  0  0  1  0  0  0  
1  0  0  0  0  0  0  0  
0  0  0  0  0  0  0  1  
0  0  0  0  0  1  0  0  
0  0  1  0  0  0  0  0  
0  0  0  0  0  0  1  0  
0  1  0  0  0  0  0  0  
0  0  0  1  0  0  0  0  
第50个解
0  0  0  0  1  0  0  0  
0  1  0  0  0  0  0  0  
0  0  0  1  0  0  0  0  
0  0  0  0  0  1  0  0  
0  0  0  0  0  0  0  1  
0  0  1  0  0  0  0  0  
1  0  0  0  0  0  0  0  
0  0  0  0  0  0  1  0  
第51个解
0  0  0  0  1  0  0  0  
0  1  0  0  0  0  0  0  
0  0  0  1  0  0  0  0  
0  0  0  0  0  0  1  0  
0  0  1  0  0  0  0  0  
0  0  0  0  0  0  0  1  
0  0  0  0  0  1  0  0  
1  0  0  0  0  0  0  0  
第52个解
0  0  0  0  1  0  0  0  
0  1  0  0  0  0  0  0  
0  0  0  0  0  1  0  0  
1  0  0  0  0  0  0  0  
0  0  0  0  0  0  1  0  
0  0  0  1  0  0  0  0  
0  0  0  0  0  0  0  1  
0  0  1  0  0  0  0  0  
第53个解
0  0  0  0  1  0  0  0  
0  1  0  0  0  0  0  0  
0  0  0  0  0  0  0  1  
1  0  0  0  0  0  0  0  
0  0  0  1  0  0  0  0  
0  0  0  0  0  0  1  0  
0  0  1  0  0  0  0  0  
0  0  0  0  0  1  0  0  
第54个解
0  0  0  0  1  0  0  0  
0  0  1  0  0  0  0  0  
1  0  0  0  0  0  0  0  
0  0  0  0  0  1  0  0  
0  0  0  0  0  0  0  1  
0  1  0  0  0  0  0  0  
0  0  0  1  0  0  0  0  
0  0  0  0  0  0  1  0  
第55个解
0  0  0  0  1  0  0  0  
0  0  1  0  0  0  0  0  
1  0  0  0  0  0  0  0  
0  0  0  0  0  0  1  0  
0  1  0  0  0  0  0  0  
0  0  0  0  0  0  0  1  
0  0  0  0  0  1  0  0  
0  0  0  1  0  0  0  0  
第56个解
0  0  0  0  1  0  0  0  
0  0  1  0  0  0  0  0  
0  0  0  0  0  0  0  1  
0  0  0  1  0  0  0  0  
0  0  0  0  0  0  1  0  
1  0  0  0  0  0  0  0  
0  0  0  0  0  1  0  0  
0  1  0  0  0  0  0  0  
第57个解
0  0  0  0  1  0  0  0  
0  0  0  0  0  0  1  0  
1  0  0  0  0  0  0  0  
0  0  1  0  0  0  0  0  
0  0  0  0  0  0  0  1  
0  0  0  0  0  1  0  0  
0  0  0  1  0  0  0  0  
0  1  0  0  0  0  0  0  
第58个解
0  0  0  0  1  0  0  0  
0  0  0  0  0  0  1  0  
1  0  0  0  0  0  0  0  
0  0  0  1  0  0  0  0  
0  1  0  0  0  0  0  0  
0  0  0  0  0  0  0  1  
0  0  0  0  0  1  0  0  
0  0  1  0  0  0  0  0  
第59个解
0  0  0  0  1  0  0  0  
0  0  0  0  0  0  1  0  
0  1  0  0  0  0  0  0  
0  0  0  1  0  0  0  0  
0  0  0  0  0  0  0  1  
1  0  0  0  0  0  0  0  
0  0  1  0  0  0  0  0  
0  0  0  0  0  1  0  0  
第60个解
0  0  0  0  1  0  0  0  
0  0  0  0  0  0  1  0  
0  1  0  0  0  0  0  0  
0  0  0  0  0  1  0  0  
0  0  1  0  0  0  0  0  
1  0  0  0  0  0  0  0  
0  0  0  1  0  0  0  0  
0  0  0  0  0  0  0  1  
第61个解
0  0  0  0  1  0  0  0  
0  0  0  0  0  0  1  0  
0  1  0  0  0  0  0  0  
0  0  0  0  0  1  0  0  
0  0  1  0  0  0  0  0  
1  0  0  0  0  0  0  0  
0  0  0  0  0  0  0  1  
0  0  0  1  0  0  0  0  
第62个解
0  0  0  0  1  0  0  0  
0  0  0  0  0  0  1  0  
0  0  0  1  0  0  0  0  
1  0  0  0  0  0  0  0  
0  0  1  0  0  0  0  0  
0  0  0  0  0  0  0  1  
0  0  0  0  0  1  0  0  
0  1  0  0  0  0  0  0  
第63个解
0  0  0  0  1  0  0  0  
0  0  0  0  0  0  0  1  
0  0  0  1  0  0  0  0  
1  0  0  0  0  0  0  0  
0  0  1  0  0  0  0  0  
0  0  0  0  0  1  0  0  
0  1  0  0  0  0  0  0  
0  0  0  0  0  0  1  0  
第64个解
0  0  0  0  1  0  0  0  
0  0  0  0  0  0  0  1  
0  0  0  1  0  0  0  0  
1  0  0  0  0  0  0  0  
0  0  0  0  0  0  1  0  
0  1  0  0  0  0  0  0  
0  0  0  0  0  1  0  0  
0  0  1  0  0  0  0  0  
第65个解
0  0  0  0  0  1  0  0  
1  0  0  0  0  0  0  0  
0  0  0  0  1  0  0  0  
0  1  0  0  0  0  0  0  
0  0  0  0  0  0  0  1  
0  0  1  0  0  0  0  0  
0  0  0  0  0  0  1  0  
0  0  0  1  0  0  0  0  
第66个解
0  0  0  0  0  1  0  0  
0  1  0  0  0  0  0  0  
0  0  0  0  0  0  1  0  
1  0  0  0  0  0  0  0  
0  0  1  0  0  0  0  0  
0  0  0  0  1  0  0  0  
0  0  0  0  0  0  0  1  
0  0  0  1  0  0  0  0  
第67个解
0  0  0  0  0  1  0  0  
0  1  0  0  0  0  0  0  
0  0  0  0  0  0  1  0  
1  0  0  0  0  0  0  0  
0  0  0  1  0  0  0  0  
0  0  0  0  0  0  0  1  
0  0  0  0  1  0  0  0  
0  0  1  0  0  0  0  0  
第68个解
0  0  0  0  0  1  0  0  
0  0  1  0  0  0  0  0  
1  0  0  0  0  0  0  0  
0  0  0  0  0  0  1  0  
0  0  0  0  1  0  0  0  
0  0  0  0  0  0  0  1  
0  1  0  0  0  0  0  0  
0  0  0  1  0  0  0  0  
第69个解
0  0  0  0  0  1  0  0  
0  0  1  0  0  0  0  0  
1  0  0  0  0  0  0  0  
0  0  0  0  0  0  0  1  
0  0  0  1  0  0  0  0  
0  1  0  0  0  0  0  0  
0  0  0  0  0  0  1  0  
0  0  0  0  1  0  0  0  
第70个解
0  0  0  0  0  1  0  0  
0  0  1  0  0  0  0  0  
1  0  0  0  0  0  0  0  
0  0  0  0  0  0  0  1  
0  0  0  0  1  0  0  0  
0  1  0  0  0  0  0  0  
0  0  0  1  0  0  0  0  
0  0  0  0  0  0  1  0  
第71个解
0  0  0  0  0  1  0  0  
0  0  1  0  0  0  0  0  
0  0  0  0  1  0  0  0  
0  0  0  0  0  0  1  0  
1  0  0  0  0  0  0  0  
0  0  0  1  0  0  0  0  
0  1  0  0  0  0  0  0  
0  0  0  0  0  0  0  1  
第72个解
0  0  0  0  0  1  0  0  
0  0  1  0  0  0  0  0  
0  0  0  0  1  0  0  0  
0  0  0  0  0  0  0  1  
1  0  0  0  0  0  0  0  
0  0  0  1  0  0  0  0  
0  1  0  0  0  0  0  0  
0  0  0  0  0  0  1  0  
第73个解
0  0  0  0  0  1  0  0  
0  0  1  0  0  0  0  0  
0  0  0  0  0  0  1  0  
0  1  0  0  0  0  0  0  
0  0  0  1  0  0  0  0  
0  0  0  0  0  0  0  1  
1  0  0  0  0  0  0  0  
0  0  0  0  1  0  0  0  
第74个解
0  0  0  0  0  1  0  0  
0  0  1  0  0  0  0  0  
0  0  0  0  0  0  1  0  
0  1  0  0  0  0  0  0  
0  0  0  0  0  0  0  1  
0  0  0  0  1  0  0  0  
1  0  0  0  0  0  0  0  
0  0  0  1  0  0  0  0  
第75个解
0  0  0  0  0  1  0  0  
0  0  1  0  0  0  0  0  
0  0  0  0  0  0  1  0  
0  0  0  1  0  0  0  0  
1  0  0  0  0  0  0  0  
0  0  0  0  0  0  0  1  
0  1  0  0  0  0  0  0  
0  0  0  0  1  0  0  0  
第76个解
0  0  0  0  0  1  0  0  
0  0  0  1  0  0  0  0  
1  0  0  0  0  0  0  0  
0  0  0  0  1  0  0  0  
0  0  0  0  0  0  0  1  
0  1  0  0  0  0  0  0  
0  0  0  0  0  0  1  0  
0  0  1  0  0  0  0  0  
第77个解
0  0  0  0  0  1  0  0  
0  0  0  1  0  0  0  0  
0  1  0  0  0  0  0  0  
0  0  0  0  0  0  0  1  
0  0  0  0  1  0  0  0  
0  0  0  0  0  0  1  0  
1  0  0  0  0  0  0  0  
0  0  1  0  0  0  0  0  
第78个解
0  0  0  0  0  1  0  0  
0  0  0  1  0  0  0  0  
0  0  0  0  0  0  1  0  
1  0  0  0  0  0  0  0  
0  0  1  0  0  0  0  0  
0  0  0  0  1  0  0  0  
0  1  0  0  0  0  0  0  
0  0  0  0  0  0  0  1  
第79个解
0  0  0  0  0  1  0  0  
0  0  0  1  0  0  0  0  
0  0  0  0  0  0  1  0  
1  0  0  0  0  0  0  0  
0  0  0  0  0  0  0  1  
0  1  0  0  0  0  0  0  
0  0  0  0  1  0  0  0  
0  0  1  0  0  0  0  0  
第80个解
0  0  0  0  0  1  0  0  
0  0  0  0  0  0  0  1  
0  1  0  0  0  0  0  0  
0  0  0  1  0  0  0  0  
1  0  0  0  0  0  0  0  
0  0  0  0  0  0  1  0  
0  0  0  0  1  0  0  0  
0  0  1  0  0  0  0  0  
第81个解
0  0  0  0  0  0  1  0  
1  0  0  0  0  0  0  0  
0  0  1  0  0  0  0  0  
0  0  0  0  0  0  0  1  
0  0  0  0  0  1  0  0  
0  0  0  1  0  0  0  0  
0  1  0  0  0  0  0  0  
0  0  0  0  1  0  0  0  
第82个解
0  0  0  0  0  0  1  0  
0  1  0  0  0  0  0  0  
0  0  0  1  0  0  0  0  
1  0  0  0  0  0  0  0  
0  0  0  0  0  0  0  1  
0  0  0  0  1  0  0  0  
0  0  1  0  0  0  0  0  
0  0  0  0  0  1  0  0  
第83个解
0  0  0  0  0  0  1  0  
0  1  0  0  0  0  0  0  
0  0  0  0  0  1  0  0  
0  0  1  0  0  0  0  0  
1  0  0  0  0  0  0  0  
0  0  0  1  0  0  0  0  
0  0  0  0  0  0  0  1  
0  0  0  0  1  0  0  0  
第84个解
0  0  0  0  0  0  1  0  
0  0  1  0  0  0  0  0  
1  0  0  0  0  0  0  0  
0  0  0  0  0  1  0  0  
0  0  0  0  0  0  0  1  
0  0  0  0  1  0  0  0  
0  1  0  0  0  0  0  0  
0  0  0  1  0  0  0  0  
第85个解
0  0  0  0  0  0  1  0  
0  0  1  0  0  0  0  0  
0  0  0  0  0  0  0  1  
0  1  0  0  0  0  0  0  
0  0  0  0  1  0  0  0  
1  0  0  0  0  0  0  0  
0  0  0  0  0  1  0  0  
0  0  0  1  0  0  0  0  
第86个解
0  0  0  0  0  0  1  0  
0  0  0  1  0  0  0  0  
0  1  0  0  0  0  0  0  
0  0  0  0  1  0  0  0  
0  0  0  0  0  0  0  1  
1  0  0  0  0  0  0  0  
0  0  1  0  0  0  0  0  
0  0  0  0  0  1  0  0  
第87个解
0  0  0  0  0  0  1  0  
0  0  0  1  0  0  0  0  
0  1  0  0  0  0  0  0  
0  0  0  0  0  0  0  1  
0  0  0  0  0  1  0  0  
1  0  0  0  0  0  0  0  
0  0  1  0  0  0  0  0  
0  0  0  0  1  0  0  0  
第88个解
0  0  0  0  0  0  1  0  
0  0  0  0  1  0  0  0  
0  0  1  0  0  0  0  0  
1  0  0  0  0  0  0  0  
0  0  0  0  0  1  0  0  
0  0  0  0  0  0  0  1  
0  1  0  0  0  0  0  0  
0  0  0  1  0  0  0  0  
第89个解
0  0  0  0  0  0  0  1  
0  1  0  0  0  0  0  0  
0  0  0  1  0  0  0  0  
1  0  0  0  0  0  0  0  
0  0  0  0  0  0  1  0  
0  0  0  0  1  0  0  0  
0  0  1  0  0  0  0  0  
0  0  0  0  0  1  0  0  
第90个解
0  0  0  0  0  0  0  1  
0  1  0  0  0  0  0  0  
0  0  0  0  1  0  0  0  
0  0  1  0  0  0  0  0  
1  0  0  0  0  0  0  0  
0  0  0  0  0  0  1  0  
0  0  0  1  0  0  0  0  
0  0  0  0  0  1  0  0  
第91个解
0  0  0  0  0  0  0  1  
0  0  1  0  0  0  0  0  
1  0  0  0  0  0  0  0  
0  0  0  0  0  1  0  0  
0  1  0  0  0  0  0  0  
0  0  0  0  1  0  0  0  
0  0  0  0  0  0  1  0  
0  0  0  1  0  0  0  0  
第92个解
0  0  0  0  0  0  0  1  
0  0  0  1  0  0  0  0  
1  0  0  0  0  0  0  0  
0  0  1  0  0  0  0  0  
0  0  0  0  0  1  0  0  
0  1  0  0  0  0  0  0  
0  0  0  0  0  0  1  0  
0  0  0  0  1  0  0  0  
